[ -0.1887255609035492, 0.1871912181377411, -0.04756497964262962, 0.04603062570095062, 1.5696443319320679, -1.571178674697876, 0.06597723066806793, -0.06290852278470993, -0.1963973343372345, 0.1825881451368332, 0.7871236801147461, 0.7978641986846924, -0.6597722768783569, 0.6751158237457275, 0.2056034654378891, -0.1948629766702652, 0.2025347501039505, -0.2102065235376358, 0.0, 0.0,]
---
[ 0.0, 0.0, 0.0, 0.0, 0.0, 0.0, 0.0, 0.0, 0.0, 0.0, 0.0, 0.0, 0.0, 0.0, 0.0, 0.0, 0.0, 0.0, 0.0, 0.0,]
---
[ 0.0, 0.0, 0.0, 0.0, 0.0, 0.0, 0.0, 0.0, 0.0, 0.0, 0.0, 0.0, 0.0, 0.0, 0.0, 0.0, 0.0, 0.0, 0.0, 0.0,]
---
[ 0.0, 0.0, 0.0, 0.0, 0.0, 0.0, 0.0, 0.0, 0.0, 0.0, 0.0, 0.0, 0.0, 0.0, 0.0, 0.0, 0.0, 0.0, 0.0, 0.0,]
---
[ 0.0, 0.0, 0.0, 0.0, 0.0, 0.0, 0.0, 0.0, 0.0, 0.0, 0.0, 0.0, 0.0, 0.0, 0.0, 0.0, 0.0, 0.0, 0.0, 0.0,]
---
[ 0.0, 0.0, 0.0, 0.0, 0.0, 0.0, 0.0, 0.0, 0.0, 0.0, 0.0, 0.0, 0.0, 0.0, 0.0, 0.0, 0.0, 0.0, 0.0, 0.0,]
---
[ 0.0, 0.0, 0.0, 0.0, 0.0, 0.0, 0.0, 0.0, 0.0, 0.0, 0.0, 0.0, 0.0, 0.0, 0.0, 0.0, 0.0, 0.0, 0.0, 0.0,]
---
[ 0.0, 0.0, 0.0, 0.0, 0.0, 0.0, 0.0, 0.0, 0.0, 0.0, 0.0, 0.0, 0.0, 0.0, 0.0, 0.0, 0.0, 0.0, 0.0, 0.0,]
---
[ 0.0, 0.0, 0.0, 0.0, 0.0, 0.0, 0.0, 0.0, 0.0, 0.0, 0.0, 0.0, 0.0, 0.0, 0.0, 0.0, 0.0, 0.0, 0.0, 0.0,]
---
[ 0.0, 0.0, 0.0, 0.0, 0.0, 0.0, 0.0, 0.0, 0.0, 0.0, 0.0, 0.0, 0.0, 0.0, 0.0, 0.0, 0.0, 0.0, 0.0, 0.0,]
---
[ 0.0, 0.0, 0.0, 0.0, 0.0, 0.0, 0.0, 0.0, 0.0, 0.0, 0.0, 0.0, 0.0, 0.0, 0.0, 0.0, 0.0, 0.0, 0.0, 0.0,]
---
[ 0.0, 0.0, 0.0, 0.0, 0.0, 0.0, 0.0, 0.0, 0.0, 0.0, 0.0, 0.0, 0.0, 0.0, 0.0, 0.0, 0.0, 0.0, 0.0, 0.0,]
---
[ 0.0, 0.0, 0.0, 0.0, 0.0, 0.0, 0.0, 0.0, 0.0, 0.0, 0.0, 0.0, 0.0, 0.0, 0.0, 0.0, 0.0, 0.0, 0.0, 0.0,]
---
[ 0.0, 0.0, 0.0, 0.0, 0.0, 0.0, 0.0, 0.0, 0.0, 0.0, 0.0, 0.0, 0.0, 0.0, 0.0, 0.0, 0.0, 0.0, 0.0, 0.0,]
---
[ 0.0, 0.0, 0.0, 0.0, 0.0, 0.0, 0.0, 0.0, 0.0, 0.0, 0.0, 0.0, 0.0, 0.0, 0.0, 0.0, 0.0, 0.0, 0.0, 0.0,]
---
[ 0.0, 0.0, 0.0, 0.0, 0.0, 0.0, 0.0, 0.0, 0.0, 0.0, 0.0, 0.0, 0.0, 0.0, 0.0, 0.0, 0.0, 0.0, 0.0, 0.0,]
---
[ 0.0, 0.0, 0.0, 0.0, 0.0, 0.0, 0.0, 0.0, 0.0, 0.0, 0.0, 0.0, 0.0, 0.0, 0.0, 0.0, 0.0, 0.0, 0.0, 0.0,]
---
[ 0.0, 0.0, 0.0, 0.0, 0.0, 0.0, 0.0, 0.0, 0.0, 0.0, 0.0, 0.0, 0.0, 0.0, 0.0, 0.0, 0.0, 0.0, 0.0, 0.0,]
---
[ 0.0, 0.0, 0.0, 0.0, 0.0, 0.0, 0.0, 0.0, 0.0, 0.0, 0.0, 0.0, 0.0, 0.0, 0.0, 0.0, 0.0, 0.0, 0.0, 0.0,]
---
[ 0.0, 0.0, 0.0, 0.0, 0.0, 0.0, 0.0, 0.0, 0.0, 0.0, 0.0, 0.0, 0.0, 0.0, 0.0, 0.0, 0.0, 0.0, 0.0, 0.0,]
---
[ 0.0, 0.0, 0.0, 0.0, 0.0, 0.0, 0.0, 0.0, 0.0, 0.0, 0.0, 0.0, 0.0, 0.0, 0.0, 0.0, 0.0, 0.0, 0.0, 0.0,]
---
[ 0.0, 0.0, 0.0, 0.0, 0.0, 0.0, 0.0, 0.0, 0.0, 0.0, 0.0, 0.0, 0.0, 0.0, 0.0, 0.0, 0.0, 0.0, 0.0, 0.0,]
---
[ 0.0, 0.0, 0.0, 0.0, 0.0, 0.0, 0.0, 0.0, 0.0, 0.0, 0.0, 0.0, 0.0, 0.0, 0.0, 0.0, 0.0, 0.0, 0.0, 0.0,]
---
[ 0.01994660496711731, -0.02148095890879631, 0.0, 0.0, 0.06904593855142593, -0.07058029621839523, 0.0, 0.0, 0.0, 0.0, 0.01994660496711731, 0.01994660496711731, -0.015343542210757732, 0.013809187337756157, 0.0, 0.0, 0.0, 0.0, 0.0, 0.0,]
---
[ 0.04142756387591362, -0.04296191781759262, 0.0, 0.0, 0.13809187710285187, -0.13962623476982117, 0.0, 0.0, 0.0, 0.0, 0.04142756387591362, 0.04142756387591362, -0.029152730479836464, 0.027618374675512314, 0.0, 0.0, 0.0, 0.0, 0.0, 0.0,]
---
[ 0.06137416884303093, -0.06290852278470993, 0.0, 0.0, 0.2086721658706665, -0.2102065235376358, 0.0, 0.0, 0.0, 0.0, 0.06137416884303093, 0.06137416884303093, -0.04296191781759262, 0.04142756387591362, 0.0, 0.0, 0.0, 0.0, 0.0, 0.0,]
---
[ 0.08285512775182724, -0.08438947796821594, 0.0, 0.0, 0.27771809697151184, -0.27925246953964233, 0.0, 0.0, 0.0, 0.0, 0.08285512775182724, 0.08285512775182724, -0.05677110329270363, 0.05523674935102463, 0.0, 0.0, 0.0, 0.0, 0.0, 0.0,]
---
[ 0.10433608293533325, -0.10587044060230255, 0.0, 0.0, 0.34829840064048767, -0.3498327434062958, 0.0, 0.0, 0.0, 0.0, 0.10433608293533325, 0.10433608293533325, -0.07058029621839523, 0.06904593855142593, 0.0, 0.0, 0.0, 0.0, 0.0, 0.0,]
---
[ 0.12428268790245056, -0.12581704556941986, 0.0, 0.0, 0.417344331741333, -0.4188787043094635, 0.0, 0.0, 0.0, 0.0, 0.12428268790245056, 0.12428268790245056, -0.08438947796821594, 0.08285512775182724, 0.0, 0.0, 0.0, 0.0, 0.0, 0.0,]
---
[ 0.14576365053653717, -0.14729800820350647, 0.0, 0.0, 0.48792463541030884, -0.48945897817611694, 0.0, 0.0, 0.0, 0.0, 0.14576365053653717, 0.14576365053653717, -0.09819866716861725, 0.09666431695222855, 0.0, 0.0, 0.0, 0.0, 0.0, 0.0,]
---
[ 0.16724461317062378, -0.16877895593643188, 0.0, 0.0, 0.5569705963134766, -0.5585049390792847, 0.0, 0.0, 0.0, 0.0, 0.16724461317062378, 0.16724461317062378, -0.11200785636901855, 0.11047349870204926, 0.0, 0.0, 0.0, 0.0, 0.0, 0.0,]
---
[ 0.1871912181377411, -0.1887255609035492, 0.0, 0.0, 0.6275508403778076, -0.6290852427482605, 0.0, 0.0, 0.0, 0.0, 0.1871912181377411, 0.1871912181377411, -0.12581704556941986, 0.12428268790245056, 0.0, 0.0, 0.0, 0.0, 0.0, 0.0,]
---
[ 0.2086721658706665, -0.2102065235376358, 0.0, 0.0, 0.6965968012809753, -0.6981311440467834, 0.0, 0.0, 0.0, 0.0, 0.2086721658706665, 0.2086721658706665, -0.13962623476982117, 0.13809187710285187, 0.0, 0.0, 0.0, 0.0, 0.0, 0.0,]
---
[ 0.2301531285047531, -0.2301531285047531, 0.0, 0.0, 0.7671771049499512, -0.7671771049499512, 0.0, 0.0, 0.0, 0.0, 0.2301531285047531, 0.2301531285047531, -0.15343542397022247, 0.15343542397022247, 0.0, 0.0, 0.0, 0.0, 0.0, 0.0,]
---
[ 0.25009971857070923, -0.2516340911388397, 0.0, 0.0, 0.8362230062484741, -0.837757408618927, 0.0, 0.0, 0.0, 0.0, 0.25009971857070923, 0.25009971857070923, -0.16877895593643188, 0.16724461317062378, 0.0, 0.0, 0.0, 0.0, 0.0, 0.0,]
---
[ 0.27158069610595703, -0.27311503887176514, 0.0, 0.0, 0.9052689671516418, -0.90680330991745, 0.0, 0.0, 0.0, 0.0, 0.27158069610595703, 0.27158069610595703, -0.1825881451368332, 0.1810537874698639, 0.0, 0.0, 0.0, 0.0, 0.0, 0.0,]
---
[ 0.29152730107307434, -0.29306164383888245, 0.0, 0.0, 0.9758492708206177, -0.9773836135864258, 0.0, 0.0, 0.0, 0.0, 0.29152730107307434, 0.29152730107307434, -0.1963973343372345, 0.1948629766702652, 0.0, 0.0, 0.0, 0.0, 0.0, 0.0,]
---
[ 0.31300824880599976, -0.31454262137413025, 0.0, 0.0, 1.0448951721191406, -1.0464295148849487, 0.0, 0.0, 0.0, 0.0, 0.31300824880599976, 0.31300824880599976, -0.2102065235376358, 0.2086721658706665, 0.0, 0.0, 0.0, 0.0, 0.0, 0.0,]
---
[ 0.33448922634124756, -0.33602356910705566, 0.0, 0.0, 1.1154755353927612, -1.1170098781585693, 0.0, 0.0, 0.0, 0.0, 0.33448922634124756, 0.33448922634124756, -0.2240157127380371, 0.2224813550710678, 0.0, 0.0, 0.0, 0.0, 0.0, 0.0,]
---
[ 0.35443583130836487, -0.355970174074173, 0.0, 0.0, 1.1845214366912842, -1.1860557794570923, 0.0, 0.0, 0.0, 0.0, 0.35443583130836487, 0.35443583130836487, -0.23782490193843842, 0.23629054427146912, 0.0, 0.0, 0.0, 0.0, 0.0, 0.0,]
---
[ 0.3759167790412903, -0.3774511218070984, 0.0, 0.0, 1.2551016807556152, -1.2566360235214233, 0.0, 0.0, 0.0, 0.0, 0.3759167790412903, 0.3759167790412903, -0.2516340911388397, 0.25009971857070923, 0.0, 0.0, 0.0, 0.0, 0.0, 0.0,]
---
[ 0.3973977267742157, -0.3989320993423462, 0.0, 0.0, 1.3241477012634277, -1.3256820440292358, 0.0, 0.0, 0.0, 0.0, 0.3973977267742157, 0.3973977267742157, -0.26544326543807983, 0.26390892267227173, 0.0, 0.0, 0.0, 0.0, 0.0, 0.0,]
---
[ 0.417344331741333, -0.4188787043094635, 0.0, 0.0, 1.3947279453277588, -1.396262288093567, 0.0, 0.0, 0.0, 0.0, 0.417344331741333, 0.417344331741333, -0.27925246953964233, 0.27771809697151184, 0.0, 0.0, 0.0, 0.0, 0.0, 0.0,]
---
[ 0.4388253092765808, -0.4403596520423889, 0.0, 0.0, 1.4637738466262817, -1.4653083086013794, 0.0, 0.0, 0.0, 0.0, 0.4388253092765808, 0.4388253092765808, -0.29306164383888245, 0.29152730107307434, 0.0, 0.0, 0.0, 0.0, 0.0, 0.0,]
---
[ 0.4603062570095062, -0.4603062570095062, 0.0, 0.0, 1.5343542098999023, -1.5343542098999023, 0.0, 0.0, 0.0, 0.0, 0.4603062570095062, 0.4603062570095062, -0.30687084794044495, 0.30687084794044495, 0.0, 0.0, 0.0, 0.0, 0.0, 0.0,]
---
[ 0.5216804146766663, -0.5216804146766663, 0.0, 0.0, 1.5343542098999023, -1.5343542098999023, 0.0, 0.0, 0.0, 0.0, 0.48025286197662354, 0.48025286197662354, -0.33755791187286377, 0.33755791187286377, 0.0, 0.0, 0.0, 0.0, 0.0, 0.0,]
---
[ 0.5830546021461487, -0.5830546021461487, 0.0, 0.0, 1.5343542098999023, -1.5343542098999023, 0.0, 0.0, 0.0, 0.0, 0.5001994371414185, 0.5001994371414185, -0.368245005607605, 0.368245005607605, 0.0, 0.0, 0.0, 0.0, 0.0, 0.0,]
---
[ 0.6444287896156311, -0.6444287896156311, 0.0, 0.0, 1.5343542098999023, -1.5343542098999023, 0.0, 0.0, 0.0, 0.0, 0.5216804146766663, 0.5216804146766663, -0.3989320993423462, 0.3989320993423462, 0.0, 0.0, 0.0, 0.0, 0.0, 0.0,]
---
[ 0.7058029174804688, -0.7058029174804688, 0.0, 0.0, 1.5343542098999023, -1.5343542098999023, 0.0, 0.0, 0.0, 0.0, 0.541627049446106, 0.541627049446106, -0.429619163274765, 0.429619163274765, 0.0, 0.0, 0.0, 0.0, 0.0, 0.0,]
---
[ 0.7671771049499512, -0.7671771049499512, 0.0, 0.0, 1.5343542098999023, -1.5343542098999023, 0.0, 0.0, 0.0, 0.0, 0.5615736246109009, 0.5615736246109009, -0.4603062570095062, 0.4603062570095062, 0.0, 0.0, 0.0, 0.0, 0.0, 0.0,]
---
[ 0.8285512924194336, -0.8285512924194336, 0.0, 0.0, 1.5343542098999023, -1.5343542098999023, 0.0, 0.0, 0.0, 0.0, 0.5830546021461487, 0.5830546021461487, -0.49099335074424744, 0.49099335074424744, 0.0, 0.0, 0.0, 0.0, 0.0, 0.0,]
---
[ 0.8899254202842712, -0.8899254202842712, 0.0, 0.0, 1.5343542098999023, -1.5343542098999023, 0.0, 0.0, 0.0, 0.0, 0.6030011773109436, 0.6030011773109436, -0.5216804146766663, 0.5216804146766663, 0.0, 0.0, 0.0, 0.0, 0.0, 0.0,]
---
[ 0.9512996077537537, -0.9512996077537537, 0.0, 0.0, 1.5343542098999023, -1.5343542098999023, 0.0, 0.0, 0.0, 0.0, 0.6229478120803833, 0.6229478120803833, -0.5523675084114075, 0.5523675084114075, 0.0, 0.0, 0.0, 0.0, 0.0, 0.0,]
---
[ 1.0126737356185913, -1.0126737356185913, 0.0, 0.0, 1.5343542098999023, -1.5343542098999023, 0.0, 0.0, 0.0, 0.0, 0.6444287896156311, 0.6444287896156311, -0.5830546021461487, 0.5830546021461487, 0.0, 0.0, 0.0, 0.0, 0.0, 0.0,]
---
[ 1.0740479230880737, -1.0740479230880737, 0.0, 0.0, 1.5343542098999023, -1.5343542098999023, 0.0, 0.0, 0.0, 0.0, 0.664375364780426, 0.664375364780426, -0.6137416958808899, 0.6137416958808899, 0.0, 0.0, 0.0, 0.0, 0.0, 0.0,]
---
[ 1.1354221105575562, -1.1354221105575562, 0.0, 0.0, 1.5343542098999023, -1.5343542098999023, 0.0, 0.0, 0.0, 0.0, 0.684321939945221, 0.684321939945221, -0.6444287896156311, 0.6444287896156311, 0.0, 0.0, 0.0, 0.0, 0.0, 0.0,]
---
[ 1.1967962980270386, -1.1967962980270386, 0.0, 0.0, 1.5343542098999023, -1.5343542098999023, 0.0, 0.0, 0.0, 0.0, 0.7058029174804688, 0.7058029174804688, -0.6751158237457275, 0.6751158237457275, 0.0, 0.0, 0.0, 0.0, 0.0, 0.0,]
---
[ 1.258170485496521, -1.258170485496521, 0.0, 0.0, 1.5343542098999023, -1.5343542098999023, 0.0, 0.0, 0.0, 0.0, 0.7257495522499084, 0.7257495522499084, -0.7058029174804688, 0.7058029174804688, 0.0, 0.0, 0.0, 0.0, 0.0, 0.0,]
---
[ 1.3195445537567139, -1.3195445537567139, 0.0, 0.0, 1.5343542098999023, -1.5343542098999023, 0.0, 0.0, 0.0, 0.0, 0.7456961274147034, 0.7456961274147034, -0.73649001121521, 0.73649001121521, 0.0, 0.0, 0.0, 0.0, 0.0, 0.0,]
---
[ 1.3809187412261963, -1.3809187412261963, 0.0, 0.0, 1.5343542098999023, -1.5343542098999023, 0.0, 0.0, 0.0, 0.0, 0.7671771049499512, 0.7671771049499512, -0.7671771049499512, 0.7671771049499512, 0.0, 0.0, 0.0, 0.0, 0.0, 0.0,]
---
[ 1.3809187412261963, -1.3809187412261963, 0.0, 0.0, 1.4576364755630493, -1.4576364755630493, 0.0, 0.0, 0.0, 0.0, 0.862307071685791, 0.862307071685791, -0.8254825472831726, 0.8239482045173645, 0.0, 0.0, 0.0, 0.0, 0.0, 0.0,]
---
[ 1.3809187412261963, -1.3809187412261963, 0.0, 0.0, 1.3809187412261963, -1.3809187412261963, 0.0, 0.0, 0.0, 0.0, 0.958971381187439, 0.958971381187439, -0.8822536468505859, 0.8822536468505859, 0.0, 0.0, 0.0, 0.0, 0.0, 0.0,]
---
[ 1.3809187412261963, -1.3809187412261963, 0.0, 0.0, 1.3042010068893433, -1.3042010068893433, 0.0, 0.0, 0.0, 0.0, 1.0541013479232788, 1.0541013479232788, -0.9405590891838074, 0.9390247464179993, 0.0, 0.0, 0.0, 0.0, 0.0, 0.0,]
---
[ 1.3809187412261963, -1.3809187412261963, 0.0, 0.0, 1.2274833917617798, -1.2274833917617798, 0.0, 0.0, 0.0, 0.0, 1.1507656574249268, 1.1507656574249268, -0.9973302483558655, 0.9973302483558655, 0.0, 0.0, 0.0, 0.0, 0.0, 0.0,]
---
[ 1.3809187412261963, -1.3809187412261963, 0.0, 0.0, 1.1507656574249268, -1.1507656574249268, 0.0, 0.0, 0.0, 0.0, 1.2458956241607666, 1.2458956241607666, -1.055635690689087, 1.0541013479232788, 0.0, 0.0, 0.0, 0.0, 0.0, 0.0,]
---
[ 1.3809187412261963, -1.3809187412261963, 0.0, 0.0, 1.0740479230880737, -1.0740479230880737, 0.0, 0.0, 0.0, 0.0, 1.3425599336624146, 1.3425599336624146, -1.1124067306518555, 1.1124067306518555, 0.0, 0.0, 0.0, 0.0, 0.0, 0.0,]
---
[ 1.3809187412261963, -1.3809187412261963, 0.0, 0.0, 0.9973302483558655, -0.9973302483558655, 0.0, 0.0, 0.0, 0.0, 1.4376899003982544, 1.4376899003982544, -1.1707122325897217, 1.1691778898239136, 0.0, 0.0, 0.0, 0.0, 0.0, 0.0,]
---
[ 1.3809187412261963, -1.3809187412261963, 0.0, 0.0, 0.9206125140190125, -0.9206125140190125, 0.0, 0.0, 0.0, 0.0, 1.5343542098999023, 1.5343542098999023, -1.2274833917617798, 1.2274833917617798, 0.0, 0.0, 0.0, 0.0, 0.0, 0.0,]
---
[ 1.3809187412261963, -1.3809187412261963, 0.0, 0.0, 0.8822536468505859, -0.8822536468505859, 0.0, 0.0, 0.0, 0.0, 1.5343542098999023, 1.5343542098999023, -1.2658421993255615, 1.2658421993255615, 0.0, 0.0, 0.0, 0.0, 0.0, 0.0,]
---
[ 1.3809187412261963, -1.3809187412261963, 0.0, 0.0, 0.8438947796821594, -0.8438947796821594, 0.0, 0.0, 0.0, 0.0, 1.5343542098999023, 1.5343542098999023, -1.3042010068893433, 1.3042010068893433, 0.0, 0.0, 0.0, 0.0, 0.0, 0.0,]
---
[ 1.3809187412261963, -1.3809187412261963, 0.0, 0.0, 0.8055359721183777, -0.8055359721183777, 0.0, 0.0, 0.0, 0.0, 1.5343542098999023, 1.5343542098999023, -1.3425599336624146, 1.3425599336624146, 0.0, 0.0, 0.0, 0.0, 0.0, 0.0,]
---
[ 1.3809187412261963, -1.3809187412261963, 0.0, 0.0, 0.7671771049499512, -0.7671771049499512, 0.0, 0.0, 0.0, 0.0, 1.5343542098999023, 1.5343542098999023, -1.3809187412261963, 1.3809187412261963, 0.0, 0.0, 0.0, 0.0, 0.0, 0.0,]
---
[ 1.3809187412261963, -1.3809187412261963, 0.0, 0.0, 0.7288182377815247, -0.7288182377815247, 0.0, 0.0, 0.0, 0.0, 1.5343542098999023, 1.5343542098999023, -1.4192776679992676, 1.4192776679992676, 0.0, 0.0, 0.0, 0.0, 0.0, 0.0,]
---
[ 1.3809187412261963, -1.3809187412261963, 0.0, 0.0, 0.6904593706130981, -0.6904593706130981, 0.0, 0.0, 0.0, 0.0, 1.5343542098999023, 1.5343542098999023, -1.4576364755630493, 1.4576364755630493, 0.0, 0.0, 0.0, 0.0, 0.0, 0.0,]
---
[ 1.3809187412261963, -1.3809187412261963, 0.0, 0.0, 0.6521005034446716, -0.6521005034446716, 0.0, 0.0, 0.0, 0.0, 1.5343542098999023, 1.5343542098999023, -1.495995283126831, 1.495995283126831, 0.0, 0.0, 0.0, 0.0, 0.0, 0.0,]
---
[ 1.3809187412261963, -1.3809187412261963, 0.0, 0.0, 0.6137416958808899, -0.6137416958808899, 0.0, 0.0, 0.0, 0.0, 1.5343542098999023, 1.5343542098999023, -1.5343542098999023, 1.5343542098999023, 0.0, 0.0, 0.0, 0.0, 0.0, 0.0,]
---
[ 1.3809187412261963, -1.3809187412261963, 0.0, 0.0, 0.5753828287124634, -0.5753828287124634, 0.0, 0.0, 0.0, 0.0, 1.5343542098999023, 1.5343542098999023, -1.5343542098999023, 1.5343542098999023, 0.0, 0.0, 0.0, 0.0, 0.0, 0.0,]
---
[ 1.3809187412261963, -1.3809187412261963, 0.0, 0.0, 0.5370239615440369, -0.5370239615440369, 0.0, 0.0, 0.0, 0.0, 1.5343542098999023, 1.5343542098999023, -1.5343542098999023, 1.5343542098999023, 0.0, 0.0, 0.0, 0.0, 0.0, 0.0,]
---
[ 1.3809187412261963, -1.3809187412261963, 0.0, 0.0, 0.49866512417793274, -0.49866512417793274, 0.0, 0.0, 0.0, 0.0, 1.5343542098999023, 1.5343542098999023, -1.5343542098999023, 1.5343542098999023, 0.0, 0.0, 0.0, 0.0, 0.0, 0.0,]
---
[ 1.3809187412261963, -1.3809187412261963, 0.0, 0.0, 0.4603062570095062, -0.4603062570095062, 0.0, 0.0, 0.0, 0.0, 1.5343542098999023, 1.5343542098999023, -1.5343542098999023, 1.5343542098999023, 0.0, 0.0, 0.0, 0.0, 0.0, 0.0,]
---
[ 1.3809187412261963, -1.3809187412261963, 0.0, 0.0, 0.4219473898410797, -0.4219473898410797, 0.0, 0.0, 0.0, 0.0, 1.5343542098999023, 1.5343542098999023, -1.5343542098999023, 1.5343542098999023, 0.0, 0.0, 0.0, 0.0, 0.0, 0.0,]
---
[ 1.3809187412261963, -1.3809187412261963, 0.0, 0.0, 0.3835885524749756, -0.3835885524749756, 0.0, 0.0, 0.0, 0.0, 1.5343542098999023, 1.5343542098999023, -1.5343542098999023, 1.5343542098999023, 0.0, 0.0, 0.0, 0.0, 0.0, 0.0,]
---
[ 1.3809187412261963, -1.3809187412261963, 0.0, 0.0, 0.3452296853065491, -0.3452296853065491, 0.0, 0.0, 0.0, 0.0, 1.5343542098999023, 1.5343542098999023, -1.5343542098999023, 1.5343542098999023, 0.0, 0.0, 0.0, 0.0, 0.0, 0.0,]
---
[ 1.3809187412261963, -1.3809187412261963, 0.0, 0.0, 0.30687084794044495, -0.30687084794044495, 0.0, 0.0, 0.0, 0.0, 1.5343542098999023, 1.5343542098999023, -1.5343542098999023, 1.5343542098999023, 0.0, 0.0, 0.0, 0.0, 0.0, 0.0,]
---
[ 1.3809187412261963, -1.3809187412261963, 0.0, 0.0, 0.26851198077201843, -0.26851198077201843, 0.0, 0.0, 0.0, 0.0, 1.3425599336624146, 1.3425599336624146, -1.5343542098999023, 1.5343542098999023, 0.0, 0.0, 0.0, 0.0, 0.0, 0.0,]
---
[ 1.3809187412261963, -1.3809187412261963, 0.0, 0.0, 0.2301531285047531, -0.2301531285047531, 0.0, 0.0, 0.0, 0.0, 1.1507656574249268, 1.1507656574249268, -1.5343542098999023, 1.5343542098999023, 0.0, 0.0, 0.0, 0.0, 0.0, 0.0,]
---
[ 1.3809187412261963, -1.3809187412261963, 0.0, 0.0, 0.1917942762374878, -0.1917942762374878, 0.0, 0.0, 0.0, 0.0, 0.958971381187439, 0.958971381187439, -1.5343542098999023, 1.5343542098999023, 0.0, 0.0, 0.0, 0.0, 0.0, 0.0,]
---
[ 1.3809187412261963, -1.3809187412261963, 0.0, 0.0, 0.15343542397022247, -0.15343542397022247, 0.0, 0.0, 0.0, 0.0, 0.7671771049499512, 0.7671771049499512, -1.5343542098999023, 1.5343542098999023, 0.0, 0.0, 0.0, 0.0, 0.0, 0.0,]
---
[ 1.3809187412261963, -1.3809187412261963, 0.0, 0.0, 0.11507656425237656, -0.11507656425237656, 0.0, 0.0, 0.0, 0.0, 0.5753828287124634, 0.5753828287124634, -1.5343542098999023, 1.5343542098999023, 0.0, 0.0, 0.0, 0.0, 0.0, 0.0,]
---
[ 1.3809187412261963, -1.3809187412261963, 0.0, 0.0, 0.07671771198511124, -0.07671771198511124, 0.0, 0.0, 0.0, 0.0, 0.3835885524749756, 0.3835885524749756, -1.5343542098999023, 1.5343542098999023, 0.0, 0.0, 0.0, 0.0, 0.0, 0.0,]
---
[ 1.3809187412261963, -1.3809187412261963, 0.0, 0.0, 0.03835885599255562, -0.03835885599255562, 0.0, 0.0, 0.0, 0.0, 0.1917942762374878, 0.1917942762374878, -1.5343542098999023, 1.5343542098999023, 0.0, 0.0, 0.0, 0.0, 0.0, 0.0,]
---
[ 1.3809187412261963, -1.3809187412261963, 0.0, 0.0, 0.0, 0.0, 0.0, 0.0, 0.0, 0.0, 0.0, 0.0, -1.5343542098999023, 1.5343542098999023, 0.0, 0.0, 0.0, 0.0, 0.0, 0.0,]
---
[ 1.3226133584976196, -1.3241477012634277, 0.0, 0.0, 0.0, 0.0, 0.0, 0.0, 0.0, 0.0, 0.0, 0.0, -1.572713017463684, 1.572713017463684, 0.0, 0.0, 0.07671771198511124, -0.07671771198511124, 0.0, 0.0,]
---
[ 1.2658421993255615, -1.2658421993255615, 0.0, 0.0, 0.0, 0.0, 0.0, 0.0, 0.0, 0.0, 0.0, 0.0, -1.6110719442367554, 1.6110719442367554, 0.0, 0.0, 0.15343542397022247, -0.15343542397022247, 0.0, 0.0,]
---
[ 1.2075366973876953, -1.209071159362793, 0.0, 0.0, 0.0, 0.0, 0.0, 0.0, 0.0, 0.0, 0.0, 0.0, -1.649430751800537, 1.649430751800537, 0.0, 0.0, 0.2301531285047531, -0.2301531285047531, 0.0, 0.0,]
---
[ 1.1507656574249268, -1.1507656574249268, 0.0, 0.0, 0.0, 0.0, 0.0, 0.0, 0.0, 0.0, 0.0, 0.0, -1.6877895593643188, 1.6877895593643188, 0.0, 0.0, 0.30687084794044495, -0.30687084794044495, 0.0, 0.0,]
---
[ 1.0924601554870605, -1.0939944982528687, 0.0, 0.0, 0.0, 0.0, 0.0, 0.0, 0.0, 0.0, 0.0, 0.0, -1.7261484861373901, 1.7261484861373901, 0.0, 0.0, 0.3835885524749756, -0.3835885524749756, 0.0, 0.0,]
---
[ 1.035689115524292, -1.035689115524292, 0.0, 0.0, 0.0, 0.0, 0.0, 0.0, 0.0, 0.0, 0.0, 0.0, -1.7645072937011719, 1.7645072937011719, 0.0, 0.0, 0.4603062570095062, -0.4603062570095062, 0.0, 0.0,]
---
[ 0.9773836135864258, -0.9789179563522339, 0.0, 0.0, 0.0, 0.0, 0.0, 0.0, 0.0, 0.0, 0.0, 0.0, -1.8028662204742432, 1.8028662204742432, 0.0, 0.0, 0.5370239615440369, -0.5370239615440369, 0.0, 0.0,]
---
[ 0.9206125140190125, -0.9206125140190125, 0.0, 0.0, 0.0, 0.0, 0.0, 0.0, 0.0, 0.0, 0.0, 0.0, -1.841225028038025, 1.841225028038025, 0.0, 0.0, 0.6137416958808899, -0.6137416958808899, 0.0, 0.0,]
---
[ 0.8822536468505859, -0.8822536468505859, 0.0, 0.0, 0.0, 0.0, 0.0, 0.0, 0.0, 0.0, 0.07671771198511124, 0.07671771198511124, -1.841225028038025, 1.841225028038025, 0.0, 0.0, 0.5937950611114502, -0.5953294038772583, 0.0, 0.0,]
---
[ 0.8438947796821594, -0.8438947796821594, 0.0, 0.0, 0.0, 0.0, 0.0, 0.0, 0.0, 0.0, 0.15343542397022247, 0.15343542397022247, -1.841225028038025, 1.841225028038025, 0.0, 0.0, 0.5753828287124634, -0.5753828287124634, 0.0, 0.0,]
---
[ 0.8055359721183777, -0.8055359721183777, 0.0, 0.0, 0.0, 0.0, 0.0, 0.0, 0.0, 0.0, 0.2301531285047531, 0.2301531285047531, -1.841225028038025, 1.841225028038025, 0.0, 0.0, 0.5554361939430237, -0.5569705963134766, 0.0, 0.0,]
---
[ 0.7671771049499512, -0.7671771049499512, 0.0, 0.0, 0.0, 0.0, 0.0, 0.0, 0.0, 0.0, 0.30687084794044495, 0.30687084794044495, -1.841225028038025, 1.841225028038025, 0.0, 0.0, 0.5370239615440369, -0.5370239615440369, 0.0, 0.0,]
---
[ 0.7288182377815247, -0.7288182377815247, 0.0, 0.0, 0.0, 0.0, 0.0, 0.0, 0.0, 0.0, 0.3835885524749756, 0.3835885524749756, -1.841225028038025, 1.841225028038025, 0.0, 0.0, 0.5170773863792419, -0.51861172914505, 0.0, 0.0,]
---
[ 0.6904593706130981, -0.6904593706130981, 0.0, 0.0, 0.0, 0.0, 0.0, 0.0, 0.0, 0.0, 0.4603062570095062, 0.4603062570095062, -1.841225028038025, 1.841225028038025, 0.0, 0.0, 0.49866512417793274, -0.49866512417793274, 0.0, 0.0,]
---
[ 0.6521005034446716, -0.6521005034446716, 0.0, 0.0, 0.0, 0.0, 0.0, 0.0, 0.0, 0.0, 0.5370239615440369, 0.5370239615440369, -1.841225028038025, 1.841225028038025, 0.0, 0.0, 0.47871851921081543, -0.48025286197662354, 0.0, 0.0,]
---
[ 0.6137416958808899, -0.6137416958808899, 0.0, 0.0, 0.0, 0.0, 0.0, 0.0, 0.0, 0.0, 0.6137416958808899, 0.6137416958808899, -1.841225028038025, 1.841225028038025, 0.0, 0.0, 0.4603062570095062, -0.4603062570095062, 0.0, 0.0,]
---
[ 0.6137416958808899, -0.6137416958808899, 0.0, 0.0, 0.0, 0.0, 0.0, 0.0, -0.015343542210757732, 0.013809187337756157, 0.6275508403778076, 0.6275508403778076, -1.841225028038025, 1.841225028038025, 0.013809187337756157, -0.015343542210757732, 0.4603062570095062, -0.4603062570095062, 0.0, 0.0,]
---
[ 0.6137416958808899, -0.6137416958808899, 0.0, 0.0, 0.0, 0.0, 0.0, 0.0, -0.029152730479836464, 0.027618374675512314, 0.6413600444793701, 0.6413600444793701, -1.841225028038025, 1.841225028038025, 0.027618374675512314, -0.029152730479836464, 0.4603062570095062, -0.4603062570095062, 0.0, 0.0,]
---
[ 0.6137416958808899, -0.6137416958808899, 0.0, 0.0, 0.0, 0.0, 0.0, 0.0, -0.04296191781759262, 0.04142756387591362, 0.6551692485809326, 0.6551692485809326, -1.841225028038025, 1.841225028038025, 0.04142756387591362, -0.04296191781759262, 0.4603062570095062, -0.4603062570095062, 0.0, 0.0,]
---
[ 0.6137416958808899, -0.6137416958808899, 0.0, 0.0, 0.0, 0.0, 0.0, 0.0, -0.05677110329270363, 0.05523674935102463, 0.6689784526824951, 0.6689784526824951, -1.841225028038025, 1.841225028038025, 0.05523674935102463, -0.05677110329270363, 0.4603062570095062, -0.4603062570095062, 0.0, 0.0,]
---
[ 0.6137416958808899, -0.6137416958808899, 0.0, 0.0, 0.0, 0.0, 0.0, 0.0, -0.07058029621839523, 0.06904593855142593, 0.6827875971794128, 0.6827875971794128, -1.841225028038025, 1.841225028038025, 0.06904593855142593, -0.07058029621839523, 0.4603062570095062, -0.4603062570095062, 0.0, 0.0,]
---
[ 0.6137416958808899, -0.6137416958808899, 0.0, 0.0, 0.0, 0.0, 0.0, 0.0, -0.08438947796821594, 0.08285512775182724, 0.6965968012809753, 0.6965968012809753, -1.841225028038025, 1.841225028038025, 0.08285512775182724, -0.08438947796821594, 0.4603062570095062, -0.4603062570095062, 0.0, 0.0,]
---
[ 0.6137416958808899, -0.6137416958808899, 0.0, 0.0, 0.0, 0.0, 0.0, 0.0, -0.09819866716861725, 0.09666431695222855, 0.7104060053825378, 0.7104060053825378, -1.841225028038025, 1.841225028038025, 0.09666431695222855, -0.09819866716861725, 0.4603062570095062, -0.4603062570095062, 0.0, 0.0,]
---
[ 0.6137416958808899, -0.6137416958808899, 0.0, 0.0, 0.0, 0.0, 0.0, 0.0, -0.11200785636901855, 0.11047349870204926, 0.7242151498794556, 0.7242151498794556, -1.841225028038025, 1.841225028038025, 0.11047349870204926, -0.11200785636901855, 0.4603062570095062, -0.4603062570095062, 0.0, 0.0,]
---
[ 0.6137416958808899, -0.6137416958808899, 0.0, 0.0, 0.0, 0.0, 0.0, 0.0, -0.12581704556941986, 0.12428268790245056, 0.7380243539810181, 0.7380243539810181, -1.841225028038025, 1.841225028038025, 0.12428268790245056, -0.12581704556941986, 0.4603062570095062, -0.4603062570095062, 0.0, 0.0,]
---
[ 0.6137416958808899, -0.6137416958808899, 0.0, 0.0, 0.0, 0.0, 0.0, 0.0, -0.13962623476982117, 0.13809187710285187, 0.7518335580825806, 0.7518335580825806, -1.841225028038025, 1.841225028038025, 0.13809187710285187, -0.13962623476982117, 0.4603062570095062, -0.4603062570095062, 0.0, 0.0,]
---
[ 0.6137416958808899, -0.6137416958808899, 0.0, 0.0, 0.0, 0.0, 0.0, 0.0, -0.15343542397022247, 0.15343542397022247, 0.7671771049499512, 0.7671771049499512, -1.841225028038025, 1.841225028038025, 0.15343542397022247, -0.15343542397022247, 0.4603062570095062, -0.4603062570095062, 0.0, 0.0,]
---
[ 0.6137416958808899, -0.6137416958808899, 0.0, 0.0, 0.0, 0.0, 0.0, 0.0, -0.16877895593643188, 0.16724461317062378, 0.7809863090515137, 0.7809863090515137, -1.841225028038025, 1.841225028038025, 0.16724461317062378, -0.16877895593643188, 0.4603062570095062, -0.4603062570095062, 0.0, 0.0,]
---
[ 0.6137416958808899, -0.6137416958808899, 0.0, 0.0, 0.0, 0.0, 0.0, 0.0, -0.1825881451368332, 0.1810537874698639, 0.7947954535484314, 0.7947954535484314, -1.841225028038025, 1.841225028038025, 0.1810537874698639, -0.1825881451368332, 0.4603062570095062, -0.4603062570095062, 0.0, 0.0,]
---
[ 0.6137416958808899, -0.6137416958808899, 0.0, 0.0, 0.0, 0.0, 0.0, 0.0, -0.1963973343372345, 0.1948629766702652, 0.8086046576499939, 0.8086046576499939, -1.841225028038025, 1.841225028038025, 0.1948629766702652, -0.1963973343372345, 0.4603062570095062, -0.4603062570095062, 0.0, 0.0,]
---
[ 0.6137416958808899, -0.6137416958808899, 0.0, 0.0, 0.0, 0.0, 0.0, 0.0, -0.2102065235376358, 0.2086721658706665, 0.8224138617515564, 0.8224138617515564, -1.841225028038025, 1.841225028038025, 0.2086721658706665, -0.2102065235376358, 0.4603062570095062, -0.4603062570095062, 0.0, 0.0,]
---
[ 0.6137416958808899, -0.6137416958808899, 0.0, 0.0, 0.0, 0.0, 0.0, 0.0, -0.2240157127380371, 0.2224813550710678, 0.8362230062484741, 0.8362230062484741, -1.841225028038025, 1.841225028038025, 0.2224813550710678, -0.2240157127380371, 0.4603062570095062, -0.4603062570095062, 0.0, 0.0,]
---
[ 0.6137416958808899, -0.6137416958808899, 0.0, 0.0, 0.0, 0.0, 0.0, 0.0, -0.23782490193843842, 0.23629054427146912, 0.8500322103500366, 0.8500322103500366, -1.841225028038025, 1.841225028038025, 0.23629054427146912, -0.23782490193843842, 0.4603062570095062, -0.4603062570095062, 0.0, 0.0,]
---
[ 0.6137416958808899, -0.6137416958808899, 0.0, 0.0, 0.0, 0.0, 0.0, 0.0, -0.2516340911388397, 0.25009971857070923, 0.8638414144515991, 0.8638414144515991, -1.841225028038025, 1.841225028038025, 0.25009971857070923, -0.2516340911388397, 0.4603062570095062, -0.4603062570095062, 0.0, 0.0,]
---
[ 0.6137416958808899, -0.6137416958808899, 0.0, 0.0, 0.0, 0.0, 0.0, 0.0, -0.26544326543807983, 0.26390892267227173, 0.8776506185531616, 0.8776506185531616, -1.841225028038025, 1.841225028038025, 0.26390892267227173, -0.26544326543807983, 0.4603062570095062, -0.4603062570095062, 0.0, 0.0,]
---
[ 0.6137416958808899, -0.6137416958808899, 0.0, 0.0, 0.0, 0.0, 0.0, 0.0, -0.27925246953964233, 0.27771809697151184, 0.8914597630500793, 0.8914597630500793, -1.841225028038025, 1.841225028038025, 0.27771809697151184, -0.27925246953964233, 0.4603062570095062, -0.4603062570095062, 0.0, 0.0,]
---
[ 0.6137416958808899, -0.6137416958808899, 0.0, 0.0, 0.0, 0.0, 0.0, 0.0, -0.29306164383888245, 0.29152730107307434, 0.9052689671516418, 0.9052689671516418, -1.841225028038025, 1.841225028038025, 0.29152730107307434, -0.29306164383888245, 0.4603062570095062, -0.4603062570095062, 0.0, 0.0,]
---
[ 0.6137416958808899, -0.6137416958808899, 0.0, 0.0, 0.0, 0.0, 0.0, 0.0, -0.30687084794044495, 0.30687084794044495, 0.9206125140190125, 0.9206125140190125, -1.841225028038025, 1.841225028038025, 0.30687084794044495, -0.30687084794044495, 0.4603062570095062, -0.4603062570095062, 0.0, 0.0,]
---
[ 0.5983981490135193, -0.5999324917793274, 0.0, 0.0, -0.007671771105378866, 0.006137416698038578, 0.0, 0.0, -0.30687084794044495, 0.30687084794044495, 0.9405590891838074, 0.9405590891838074, -1.841225028038025, 1.841225028038025, 0.30687084794044495, -0.30687084794044495, 0.4388253092765808, -0.4403596520423889, 0.0, 0.0,]
---
[ 0.5845889449119568, -0.5861232876777649, 0.0, 0.0, -0.015343542210757732, 0.013809187337756157, 0.0, 0.0, -0.30687084794044495, 0.30687084794044495, 0.9620400667190552, 0.9620400667190552, -1.841225028038025, 1.841225028038025, 0.30687084794044495, -0.30687084794044495, 0.417344331741333, -0.4188787043094635, 0.0, 0.0,]
---
[ 0.5707797408103943, -0.5723140835762024, 0.0, 0.0, -0.02148095890879631, 0.01994660496711731, 0.0, 0.0, -0.30687084794044495, 0.30687084794044495, 0.9819867014884949, 0.9819867014884949, -1.841225028038025, 1.841225028038025, 0.30687084794044495, -0.30687084794044495, 0.3973977267742157, -0.3989320993423462, 0.0, 0.0,]
---
[ 0.5569705963134766, -0.5585049390792847, 0.0, 0.0, -0.029152730479836464, 0.027618374675512314, 0.0, 0.0, -0.30687084794044495, 0.30687084794044495, 1.0034676790237427, 1.0034676790237427, -1.841225028038025, 1.841225028038025, 0.30687084794044495, -0.30687084794044495, 0.3759167790412903, -0.3774511218070984, 0.0, 0.0,]
---
[ 0.5431613922119141, -0.5446957349777222, 0.0, 0.0, -0.03529014810919762, 0.03375579044222832, 0.0, 0.0, -0.30687084794044495, 0.30687084794044495, 1.0249485969543457, 1.0249485969543457, -1.841225028038025, 1.841225028038025, 0.30687084794044495, -0.30687084794044495, 0.35443583130836487, -0.355970174074173, 0.0, 0.0,]
---
[ 0.5293521881103516, -0.5308865308761597, 0.0, 0.0, -0.04296191781759262, 0.04142756387591362, 0.0, 0.0, -0.30687084794044495, 0.30687084794044495, 1.0448951721191406, 1.0448951721191406, -1.841225028038025, 1.841225028038025, 0.30687084794044495, -0.30687084794044495, 0.33448922634124756, -0.33602356910705566, 0.0, 0.0,]
---
[ 0.5155429840087891, -0.5170773863792419, 0.0, 0.0, -0.049099333584308624, 0.04756497964262962, 0.0, 0.0, -0.30687084794044495, 0.30687084794044495, 1.0663762092590332, 1.0663762092590332, -1.841225028038025, 1.841225028038025, 0.30687084794044495, -0.30687084794044495, 0.31300824880599976, -0.31454262137413025, 0.0, 0.0,]
---
[ 0.5017338395118713, -0.5032681822776794, 0.0, 0.0, -0.05677110329270363, 0.05523674935102463, 0.0, 0.0, -0.30687084794044495, 0.30687084794044495, 1.0878571271896362, 1.0878571271896362, -1.841225028038025, 1.841225028038025, 0.30687084794044495, -0.30687084794044495, 0.29152730107307434, -0.29306164383888245, 0.0, 0.0,]
---
[ 0.48792463541030884, -0.48945897817611694, 0.0, 0.0, -0.06290852278470993, 0.06137416884303093, 0.0, 0.0, -0.30687084794044495, 0.30687084794044495, 1.1078037023544312, 1.1078037023544312, -1.841225028038025, 1.841225028038025, 0.30687084794044495, -0.30687084794044495, 0.27158069610595703, -0.27311503887176514, 0.0, 0.0,]
---
[ 0.47411543130874634, -0.47564980387687683, 0.0, 0.0, -0.07058029621839523, 0.06904593855142593, 0.0, 0.0, -0.30687084794044495, 0.30687084794044495, 1.1292847394943237, 1.1292847394943237, -1.841225028038025, 1.841225028038025, 0.30687084794044495, -0.30687084794044495, 0.25009971857070923, -0.2516340911388397, 0.0, 0.0,]
---
[ 0.4603062570095062, -0.4603062570095062, 0.0, 0.0, -0.07671771198511124, 0.07671771198511124, 0.0, 0.0, -0.30687084794044495, 0.30687084794044495, 1.1507656574249268, 1.1507656574249268, -1.841225028038025, 1.841225028038025, 0.30687084794044495, -0.30687084794044495, 0.2301531285047531, -0.2301531285047531, 0.0, 0.0,]
---
[ 0.4449627101421356, -0.4464970827102661, 0.0, 0.0, -0.08438947796821594, 0.08285512775182724, 0.0, 0.0, -0.30687084794044495, 0.30687084794044495, 1.1707122325897217, 1.1707122325897217, -1.841225028038025, 1.841225028038025, 0.30687084794044495, -0.30687084794044495, 0.2086721658706665, -0.2102065235376358, 0.0, 0.0,]
---
[ 0.4311535358428955, -0.4326878786087036, 0.0, 0.0, -0.09206125140190125, 0.09052689373493195, 0.0, 0.0, -0.30687084794044495, 0.30687084794044495, 1.1921931505203247, 1.1921931505203247, -1.841225028038025, 1.841225028038025, 0.30687084794044495, -0.30687084794044495, 0.1871912181377411, -0.1887255609035492, 0.0, 0.0,]
---
[ 0.417344331741333, -0.4188787043094635, 0.0, 0.0, -0.09819866716861725, 0.09666431695222855, 0.0, 0.0, -0.30687084794044495, 0.30687084794044495, 1.2121398448944092, 1.2121398448944092, -1.841225028038025, 1.841225028038025, 0.30687084794044495, -0.30687084794044495, 0.16724461317062378, -0.16877895593643188, 0.0, 0.0,]
---
[ 0.4035351574420929, -0.405069500207901, 0.0, 0.0, -0.10587044060230255, 0.10433608293533325, 0.0, 0.0, -0.30687084794044495, 0.30687084794044495, 1.2336207628250122, 1.2336207628250122, -1.841225028038025, 1.841225028038025, 0.30687084794044495, -0.30687084794044495, 0.14576365053653717, -0.14729800820350647, 0.0, 0.0,]
---
[ 0.3897259533405304, -0.3912603259086609, 0.0, 0.0, -0.11200785636901855, 0.11047349870204926, 0.0, 0.0, -0.30687084794044495, 0.30687084794044495, 1.2551016807556152, 1.2551016807556152, -1.841225028038025, 1.841225028038025, 0.30687084794044495, -0.30687084794044495, 0.12428268790245056, -0.12581704556941986, 0.0, 0.0,]
---
[ 0.3759167790412903, -0.3774511218070984, 0.0, 0.0, -0.11967962980270386, 0.11814527213573456, 0.0, 0.0, -0.30687084794044495, 0.30687084794044495, 1.2750483751296997, 1.2750483751296997, -1.841225028038025, 1.841225028038025, 0.30687084794044495, -0.30687084794044495, 0.10433608293533325, -0.10587044060230255, 0.0, 0.0,]
---
[ 0.3621075749397278, -0.3636419475078583, 0.0, 0.0, -0.12581704556941986, 0.12428268790245056, 0.0, 0.0, -0.30687084794044495, 0.30687084794044495, 1.2965292930603027, 1.2965292930603027, -1.841225028038025, 1.841225028038025, 0.30687084794044495, -0.30687084794044495, 0.08285512775182724, -0.08438947796821594, 0.0, 0.0,]
---
[ 0.34829840064048767, -0.3498327434062958, 0.0, 0.0, -0.13348881900310516, 0.13195446133613586, 0.0, 0.0, -0.30687084794044495, 0.30687084794044495, 1.3180102109909058, 1.3180102109909058, -1.841225028038025, 1.841225028038025, 0.30687084794044495, -0.30687084794044495, 0.06137416884303093, -0.06290852278470993, 0.0, 0.0,]
---
[ 0.33448922634124756, -0.33602356910705566, 0.0, 0.0, -0.13962623476982117, 0.13809187710285187, 0.0, 0.0, -0.30687084794044495, 0.30687084794044495, 1.3379569053649902, 1.3379569053649902, -1.841225028038025, 1.841225028038025, 0.30687084794044495, -0.30687084794044495, 0.04142756387591362, -0.04296191781759262, 0.0, 0.0,]
---
[ 0.32068002223968506, -0.32221439480781555, 0.0, 0.0, -0.14729800820350647, 0.14576365053653717, 0.0, 0.0, -0.30687084794044495, 0.30687084794044495, 1.3594378232955933, 1.3594378232955933, -1.841225028038025, 1.841225028038025, 0.30687084794044495, -0.30687084794044495, 0.01994660496711731, -0.02148095890879631, 0.0, 0.0,]
---
[ 0.30687084794044495, -0.30687084794044495, 0.0, 0.0, -0.15343542397022247, 0.15343542397022247, 0.0, 0.0, -0.30687084794044495, 0.30687084794044495, 1.3809187412261963, 1.3809187412261963, -1.841225028038025, 1.841225028038025, 0.30687084794044495, -0.30687084794044495, 0.0, 0.0, 0.0, 0.0,]
---
[ 0.30687084794044495, -0.30687084794044495, -0.01994660496711731, 0.01841225102543831, -0.13502316176891327, 0.13348881900310516, 0.0, 0.0, -0.30687084794044495, 0.30687084794044495, 1.399330973625183, 1.399330973625183, -1.8795838356018066, 1.8795838356018066, 0.30687084794044495, -0.30687084794044495, 0.03835885599255562, -0.03835885599255562, 0.0, 0.0,]
---
[ 0.30687084794044495, -0.30687084794044495, -0.03835885599255562, 0.03835885599255562, -0.11507656425237656, 0.11507656425237656, 0.0, 0.0, -0.30687084794044495, 0.30687084794044495, 1.4192776679992676, 1.4192776679992676, -1.917942762374878, 1.917942762374878, 0.30687084794044495, -0.30687084794044495, 0.07671771198511124, -0.07671771198511124, 0.0, 0.0,]
---
[ 0.30687084794044495, -0.30687084794044495, -0.05830546095967293, 0.05677110329270363, -0.09666431695222855, 0.09512995928525925, 0.0, 0.0, -0.30687084794044495, 0.30687084794044495, 1.4376899003982544, 1.4376899003982544, -1.9563015699386597, 1.9563015699386597, 0.30687084794044495, -0.30687084794044495, 0.11507656425237656, -0.11507656425237656, 0.0, 0.0,]
---
[ 0.30687084794044495, -0.30687084794044495, -0.07671771198511124, 0.07671771198511124, -0.07671771198511124, 0.07671771198511124, 0.0, 0.0, -0.30687084794044495, 0.30687084794044495, 1.4576364755630493, 1.4576364755630493, -1.994660496711731, 1.994660496711731, 0.30687084794044495, -0.30687084794044495, 0.15343542397022247, -0.15343542397022247, 0.0, 0.0,]
---
[ 0.30687084794044495, -0.30687084794044495, -0.09666431695222855, 0.09512995928525925, -0.05830546095967293, 0.05677110329270363, 0.0, 0.0, -0.30687084794044495, 0.30687084794044495, 1.4760487079620361, 1.4760487079620361, -2.0330193042755127, 2.0330193042755127, 0.30687084794044495, -0.30687084794044495, 0.1917942762374878, -0.1917942762374878, 0.0, 0.0,]
---
[ 0.30687084794044495, -0.30687084794044495, -0.11507656425237656, 0.11507656425237656, -0.03835885599255562, 0.03835885599255562, 0.0, 0.0, -0.30687084794044495, 0.30687084794044495, 1.495995283126831, 1.495995283126831, -2.071378231048584, 2.071378231048584, 0.30687084794044495, -0.30687084794044495, 0.2301531285047531, -0.2301531285047531, 0.0, 0.0,]
---
[ 0.30687084794044495, -0.30687084794044495, -0.13502316176891327, 0.13348881900310516, -0.01994660496711731, 0.01841225102543831, 0.0, 0.0, -0.30687084794044495, 0.30687084794044495, 1.5144076347351074, 1.5144076347351074, -2.109736919403076, 2.109736919403076, 0.30687084794044495, -0.30687084794044495, 0.26851198077201843, -0.26851198077201843, 0.0, 0.0,]
---
[ 0.30687084794044495, -0.30687084794044495, -0.15343542397022247, 0.15343542397022247, 0.0, 0.0, 0.0, 0.0, -0.30687084794044495, 0.30687084794044495, 1.5343542098999023, 1.5343542098999023, -2.1480958461761475, 2.1480958461761475, 0.30687084794044495, -0.30687084794044495, 0.30687084794044495, -0.30687084794044495, 0.0, 0.0,]
---
[ 0.30687084794044495, -0.30687084794044495, -0.15343542397022247, 0.15343542397022247, 0.0, 0.0, 0.0, 0.0, -0.30687084794044495, 0.30687084794044495, 1.4760487079620361, 1.4760487079620361, -2.1864547729492188, 2.1864547729492188, 0.30687084794044495, -0.30687084794044495, 0.3835885524749756, -0.3835885524749756, 0.0, 0.0,]
---
[ 0.30687084794044495, -0.30687084794044495, -0.15343542397022247, 0.15343542397022247, 0.0, 0.0, 0.0, 0.0, -0.30687084794044495, 0.30687084794044495, 1.4192776679992676, 1.4192776679992676, -2.224813461303711, 2.224813461303711, 0.30687084794044495, -0.30687084794044495, 0.4603062570095062, -0.4603062570095062, 0.0, 0.0,]
---
[ 0.30687084794044495, -0.30687084794044495, -0.15343542397022247, 0.15343542397022247, 0.0, 0.0, 0.0, 0.0, -0.30687084794044495, 0.30687084794044495, 1.3609721660614014, 1.3609721660614014, -2.2631723880767822, 2.2631723880767822, 0.30687084794044495, -0.30687084794044495, 0.5370239615440369, -0.5370239615440369, 0.0, 0.0,]
---
[ 0.30687084794044495, -0.30687084794044495, -0.15343542397022247, 0.15343542397022247, 0.0, 0.0, 0.0, 0.0, -0.30687084794044495, 0.30687084794044495, 1.3042010068893433, 1.3042010068893433, -2.3015313148498535, 2.3015313148498535, 0.30687084794044495, -0.30687084794044495, 0.6137416958808899, -0.6137416958808899, 0.0, 0.0,]
---
[ 0.30687084794044495, -0.30687084794044495, -0.15343542397022247, 0.15343542397022247, 0.0, 0.0, 0.0, 0.0, -0.30687084794044495, 0.30687084794044495, 1.2458956241607666, 1.2458956241607666, -2.339890241622925, 2.339890241622925, 0.30687084794044495, -0.30687084794044495, 0.6904593706130981, -0.6904593706130981, 0.0, 0.0,]
---
[ 0.30687084794044495, -0.30687084794044495, -0.15343542397022247, 0.15343542397022247, 0.0, 0.0, 0.0, 0.0, -0.30687084794044495, 0.30687084794044495, 1.1891244649887085, 1.1891244649887085, -2.378248929977417, 2.378248929977417, 0.30687084794044495, -0.30687084794044495, 0.7671771049499512, -0.7671771049499512, 0.0, 0.0,]
---
[ 0.30687084794044495, -0.30687084794044495, -0.15343542397022247, 0.15343542397022247, 0.0, 0.0, 0.0, 0.0, -0.30687084794044495, 0.30687084794044495, 1.1308190822601318, 1.1308190822601318, -2.4166078567504883, 2.4166078567504883, 0.30687084794044495, -0.30687084794044495, 0.8438947796821594, -0.8438947796821594, 0.0, 0.0,]
---
[ 0.30687084794044495, -0.30687084794044495, -0.15343542397022247, 0.15343542397022247, 0.0, 0.0, 0.0, 0.0, -0.30687084794044495, 0.30687084794044495, 1.0740479230880737, 1.0740479230880737, -2.4549667835235596, 2.4549667835235596, 0.30687084794044495, -0.30687084794044495, 0.9206125140190125, -0.9206125140190125, 0.0, 0.0,]
---
[ 0.24856537580490112, -0.25009971857070923, -0.17338202893733978, 0.17184767127037048, 0.0, 0.0, 0.0, 0.0, -0.30687084794044495, 0.30687084794044495, 1.1308190822601318, 1.1308190822601318, -2.4549667835235596, 2.4549667835235596, 0.3452296853065491, -0.3452296853065491, 0.9206125140190125, -0.9206125140190125, 0.0, 0.0,]
---
[ 0.1917942762374878, -0.1917942762374878, -0.1917942762374878, 0.1917942762374878, 0.0, 0.0, 0.0, 0.0, -0.30687084794044495, 0.30687084794044495, 1.1891244649887085, 1.1891244649887085, -2.4549667835235596, 2.4549667835235596, 0.3835885524749756, -0.3835885524749756, 0.9206125140190125, -0.9206125140190125, 0.0, 0.0,]
---
[ 0.13348881900310516, -0.13502316176891327, -0.2117408812046051, 0.2102065235376358, 0.0, 0.0, 0.0, 0.0, -0.30687084794044495, 0.30687084794044495, 1.2458956241607666, 1.2458956241607666, -2.4549667835235596, 2.4549667835235596, 0.4219473898410797, -0.4219473898410797, 0.9206125140190125, -0.9206125140190125, 0.0, 0.0,]
---
[ 0.07671771198511124, -0.07671771198511124, -0.2301531285047531, 0.2301531285047531, 0.0, 0.0, 0.0, 0.0, -0.30687084794044495, 0.30687084794044495, 1.3042010068893433, 1.3042010068893433, -2.4549667835235596, 2.4549667835235596, 0.4603062570095062, -0.4603062570095062, 0.9206125140190125, -0.9206125140190125, 0.0, 0.0,]
---
[ 0.01841225102543831, -0.01994660496711731, -0.25009971857070923, 0.24856537580490112, 0.0, 0.0, 0.0, 0.0, -0.30687084794044495, 0.30687084794044495, 1.3609721660614014, 1.3609721660614014, -2.4549667835235596, 2.4549667835235596, 0.49866512417793274, -0.49866512417793274, 0.9206125140190125, -0.9206125140190125, 0.0, 0.0,]
---
[ -0.03835885599255562, 0.03835885599255562, -0.26851198077201843, 0.26851198077201843, 0.0, 0.0, 0.0, 0.0, -0.30687084794044495, 0.30687084794044495, 1.4192776679992676, 1.4192776679992676, -2.4549667835235596, 2.4549667835235596, 0.5370239615440369, -0.5370239615440369, 0.9206125140190125, -0.9206125140190125, 0.0, 0.0,]
---
[ -0.09666431695222855, 0.09512995928525925, -0.28845858573913574, 0.28692424297332764, 0.0, 0.0, 0.0, 0.0, -0.30687084794044495, 0.30687084794044495, 1.4760487079620361, 1.4760487079620361, -2.4549667835235596, 2.4549667835235596, 0.5753828287124634, -0.5753828287124634, 0.9206125140190125, -0.9206125140190125, 0.0, 0.0,]
---
[ -0.15343542397022247, 0.15343542397022247, -0.30687084794044495, 0.30687084794044495, 0.0, 0.0, 0.0, 0.0, -0.30687084794044495, 0.30687084794044495, 1.5343542098999023, 1.5343542098999023, -2.4549667835235596, 2.4549667835235596, 0.6137416958808899, -0.6137416958808899, 0.9206125140190125, -0.9206125140190125, 0.0, 0.0,]
---
[ -0.16877895593643188, 0.16724461317062378, -0.30687084794044495, 0.30687084794044495, 0.0, 0.0, 0.0, 0.0, -0.30687084794044495, 0.30687084794044495, 1.5128731727600098, 1.5128731727600098, -2.4273483753204346, 2.425813913345337, 0.6060699224472046, -0.6076042652130127, 0.9129407405853271, -0.9144750833511353, 0.0, 0.0,]
---
[ -0.1825881451368332, 0.1810537874698639, -0.30687084794044495, 0.30687084794044495, 0.0, 0.0, 0.0, 0.0, -0.30687084794044495, 0.30687084794044495, 1.4913922548294067, 1.4913922548294067, -2.3997299671173096, 2.398195505142212, 0.5983981490135193, -0.5999324917793274, 0.9052689671516418, -0.90680330991745, 0.0, 0.0,]
---
[ -0.1963973343372345, 0.1948629766702652, -0.30687084794044495, 0.30687084794044495, 0.0, 0.0, 0.0, 0.0, -0.30687084794044495, 0.30687084794044495, 1.4714456796646118, 1.4714456796646118, -2.3721115589141846, 2.370577335357666, 0.5922607183456421, -0.5937950611114502, 0.8991315364837646, -0.9006659388542175, 0.0, 0.0,]
---
[ -0.2102065235376358, 0.2086721658706665, -0.30687084794044495, 0.30687084794044495, 0.0, 0.0, 0.0, 0.0, -0.30687084794044495, 0.30687084794044495, 1.4499647617340088, 1.4499647617340088, -2.3444931507110596, 2.342958927154541, 0.5845889449119568, -0.5861232876777649, 0.8914597630500793, -0.8929941654205322, 0.0, 0.0,]
---
[ -0.2240157127380371, 0.2224813550710678, -0.30687084794044495, 0.30687084794044495, 0.0, 0.0, 0.0, 0.0, -0.30687084794044495, 0.30687084794044495, 1.4284837245941162, 1.4284837245941162, -2.3168747425079346, 2.315340518951416, 0.5784515142440796, -0.5799858570098877, 0.8853223919868469, -0.886856734752655, 0.0, 0.0,]
---
[ -0.23782490193843842, 0.23629054427146912, -0.30687084794044495, 0.30687084794044495, 0.0, 0.0, 0.0, 0.0, -0.30687084794044495, 0.30687084794044495, 1.4085371494293213, 1.4085371494293213, -2.287722110748291, 2.2861876487731934, 0.5707797408103943, -0.5723140835762024, 0.8776506185531616, -0.8791849613189697, 0.0, 0.0,]
---
[ -0.2516340911388397, 0.25009971857070923, -0.30687084794044495, 0.30687084794044495, 0.0, 0.0, 0.0, 0.0, -0.30687084794044495, 0.30687084794044495, 1.3870562314987183, 1.3870562314987183, -2.260103702545166, 2.2585694789886475, 0.5646423697471619, -0.56617671251297, 0.8715131878852844, -0.8730475306510925, 0.0, 0.0,]
---
[ -0.26544326543807983, 0.26390892267227173, -0.30687084794044495, 0.30687084794044495, 0.0, 0.0, 0.0, 0.0, -0.30687084794044495, 0.30687084794044495, 1.3655751943588257, 1.3655751943588257, -2.232485294342041, 2.2309510707855225, 0.5569705963134766, -0.5585049390792847, 0.8638414144515991, -0.8653757572174072, 0.0, 0.0,]
---
[ -0.27925246953964233, 0.27771809697151184, -0.30687084794044495, 0.30687084794044495, 0.0, 0.0, 0.0, 0.0, -0.30687084794044495, 0.30687084794044495, 1.3456286191940308, 1.3456286191940308, -2.204866886138916, 2.2033326625823975, 0.5508331656455994, -0.5523675084114075, 0.8577039837837219, -0.85923832654953, 0.0, 0.0,]
---
[ -0.29306164383888245, 0.29152730107307434, -0.30687084794044495, 0.30687084794044495, 0.0, 0.0, 0.0, 0.0, -0.30687084794044495, 0.30687084794044495, 1.3241477012634277, 1.3241477012634277, -2.177248477935791, 2.1757142543792725, 0.5431613922119141, -0.5446957349777222, 0.8500322103500366, -0.8515665531158447, 0.0, 0.0,]
---
[ -0.30687084794044495, 0.30687084794044495, -0.30687084794044495, 0.30687084794044495, 0.0, 0.0, 0.0, 0.0, -0.30687084794044495, 0.30687084794044495, 1.3042010068893433, 1.3042010068893433, -2.1480958461761475, 2.1480958461761475, 0.5370239615440369, -0.5370239615440369, 0.8438947796821594, -0.8438947796821594, 0.0, 0.0,]
---
[ -0.32221439480781555, 0.32068002223968506, -0.30687084794044495, 0.30687084794044495, 0.0, 0.0, 0.0, 0.0, -0.30687084794044495, 0.30687084794044495, 1.2827200889587402, 1.2827200889587402, -2.1204774379730225, 2.118943214416504, 0.5293521881103516, -0.5308865308761597, 0.8362230062484741, -0.837757408618927, 0.0, 0.0,]
---
[ -0.33602356910705566, 0.33448922634124756, -0.30687084794044495, 0.30687084794044495, 0.0, 0.0, 0.0, 0.0, -0.30687084794044495, 0.30687084794044495, 1.2612391710281372, 1.2612391710281372, -2.0928590297698975, 2.091324806213379, 0.5216804146766663, -0.5232147574424744, 0.8285512924194336, -0.8300856351852417, 0.0, 0.0,]
---
[ -0.3498327434062958, 0.34829840064048767, -0.30687084794044495, 0.30687084794044495, 0.0, 0.0, 0.0, 0.0, -0.30687084794044495, 0.30687084794044495, 1.2412925958633423, 1.2412925958633423, -2.0652406215667725, 2.063706398010254, 0.5155429840087891, -0.5170773863792419, 0.8224138617515564, -0.8239482045173645, 0.0, 0.0,]
---
[ -0.3636419475078583, 0.3621075749397278, -0.30687084794044495, 0.30687084794044495, 0.0, 0.0, 0.0, 0.0, -0.30687084794044495, 0.30687084794044495, 1.2198115587234497, 1.2198115587234497, -2.0376224517822266, 2.036087989807129, 0.5078712105751038, -0.5094056129455566, 0.8147420883178711, -0.8162764310836792, 0.0, 0.0,]
---
[ -0.3774511218070984, 0.3759167790412903, -0.30687084794044495, 0.30687084794044495, 0.0, 0.0, 0.0, 0.0, -0.30687084794044495, 0.30687084794044495, 1.1983306407928467, 1.1983306407928467, -2.0100040435791016, 2.008469581604004, 0.5017338395118713, -0.5032681822776794, 0.8086046576499939, -0.810139000415802, 0.0, 0.0,]
---
[ -0.3912603259086609, 0.3897259533405304, -0.30687084794044495, 0.30687084794044495, 0.0, 0.0, 0.0, 0.0, -0.30687084794044495, 0.30687084794044495, 1.1783840656280518, 1.1783840656280518, -1.9808512926101685, 1.9793169498443604, 0.49406203627586365, -0.49559640884399414, 0.8009328842163086, -0.8024672269821167, 0.0, 0.0,]
---
[ -0.405069500207901, 0.4035351574420929, -0.30687084794044495, 0.30687084794044495, 0.0, 0.0, 0.0, 0.0, -0.30687084794044495, 0.30687084794044495, 1.1569030284881592, 1.1569030284881592, -1.9532328844070435, 1.9516985416412354, 0.48792463541030884, -0.48945897817611694, 0.7947954535484314, -0.7963297963142395, 0.0, 0.0,]
---
[ -0.4188787043094635, 0.417344331741333, -0.30687084794044495, 0.30687084794044495, 0.0, 0.0, 0.0, 0.0, -0.30687084794044495, 0.30687084794044495, 1.1354221105575562, 1.1354221105575562, -1.9256144762039185, 1.9240801334381104, 0.48025286197662354, -0.48178720474243164, 0.7871236801147461, -0.788658082485199, 0.0, 0.0,]
---
[ -0.4326878786087036, 0.4311535358428955, -0.30687084794044495, 0.30687084794044495, 0.0, 0.0, 0.0, 0.0, -0.30687084794044495, 0.30687084794044495, 1.1154755353927612, 1.1154755353927612, -1.897996187210083, 1.8964617252349854, 0.47411543130874634, -0.47564980387687683, 0.7809863090515137, -0.7825206518173218, 0.0, 0.0,]
---
[ -0.4464970827102661, 0.4449627101421356, -0.30687084794044495, 0.30687084794044495, 0.0, 0.0, 0.0, 0.0, -0.30687084794044495, 0.30687084794044495, 1.0939944982528687, 1.0939944982528687, -1.870377779006958, 1.86884343624115, 0.4664436876773834, -0.46797803044319153, 0.7733145356178284, -0.7748488783836365, 0.0, 0.0,]
---
[ -0.4603062570095062, 0.4603062570095062, -0.30687084794044495, 0.30687084794044495, 0.0, 0.0, 0.0, 0.0, -0.30687084794044495, 0.30687084794044495, 1.0740479230880737, 1.0740479230880737, -1.841225028038025, 1.841225028038025, 0.4603062570095062, -0.4603062570095062, 0.7671771049499512, -0.7671771049499512, 0.0, 0.0,]
---
[ -0.4603062570095062, 0.4603062570095062, -0.30687084794044495, 0.30687084794044495, 0.0, 0.0, 0.0, 0.0, -0.29306164383888245, 0.29152730107307434, 1.0587043762207031, 1.0587043762207031, -1.8274158239364624, 1.8258814811706543, 0.4388253092765808, -0.4403596520423889, 0.7671771049499512, -0.7671771049499512, 0.0, 0.0,]
---
[ -0.4603062570095062, 0.4603062570095062, -0.30687084794044495, 0.30687084794044495, 0.0, 0.0, 0.0, 0.0, -0.27925246953964233, 0.27771809697151184, 1.0448951721191406, 1.0448951721191406, -1.8136066198349, 1.8120722770690918, 0.417344331741333, -0.4188787043094635, 0.7671771049499512, -0.7671771049499512, 0.0, 0.0,]
---
[ -0.4603062570095062, 0.4603062570095062, -0.30687084794044495, 0.30687084794044495, 0.0, 0.0, 0.0, 0.0, -0.26544326543807983, 0.26390892267227173, 1.0310859680175781, 1.0310859680175781, -1.7997974157333374, 1.7982630729675293, 0.3973977267742157, -0.3989320993423462, 0.7671771049499512, -0.7671771049499512, 0.0, 0.0,]
---
[ -0.4603062570095062, 0.4603062570095062, -0.30687084794044495, 0.30687084794044495, 0.0, 0.0, 0.0, 0.0, -0.2516340911388397, 0.25009971857070923, 1.0172768831253052, 1.0172768831253052, -1.7859883308410645, 1.7844538688659668, 0.3759167790412903, -0.3774511218070984, 0.7671771049499512, -0.7671771049499512, 0.0, 0.0,]
---
[ -0.4603062570095062, 0.4603062570095062, -0.30687084794044495, 0.30687084794044495, 0.0, 0.0, 0.0, 0.0, -0.23782490193843842, 0.23629054427146912, 1.0034676790237427, 1.0034676790237427, -1.772179126739502, 1.7706447839736938, 0.35443583130836487, -0.355970174074173, 0.7671771049499512, -0.7671771049499512, 0.0, 0.0,]
---
[ -0.4603062570095062, 0.4603062570095062, -0.30687084794044495, 0.30687084794044495, 0.0, 0.0, 0.0, 0.0, -0.2240157127380371, 0.2224813550710678, 0.9896584749221802, 0.9896584749221802, -1.7583699226379395, 1.7568355798721313, 0.33448922634124756, -0.33602356910705566, 0.7671771049499512, -0.7671771049499512, 0.0, 0.0,]
---
[ -0.4603062570095062, 0.4603062570095062, -0.30687084794044495, 0.30687084794044495, 0.0, 0.0, 0.0, 0.0, -0.2102065235376358, 0.2086721658706665, 0.9758492708206177, 0.9758492708206177, -1.744560718536377, 1.7430263757705688, 0.31300824880599976, -0.31454262137413025, 0.7671771049499512, -0.7671771049499512, 0.0, 0.0,]
---
[ -0.4603062570095062, 0.4603062570095062, -0.30687084794044495, 0.30687084794044495, 0.0, 0.0, 0.0, 0.0, -0.1963973343372345, 0.1948629766702652, 0.9620400667190552, 0.9620400667190552, -1.7307515144348145, 1.7292171716690063, 0.29152730107307434, -0.29306164383888245, 0.7671771049499512, -0.7671771049499512, 0.0, 0.0,]
---
[ -0.4603062570095062, 0.4603062570095062, -0.30687084794044495, 0.30687084794044495, 0.0, 0.0, 0.0, 0.0, -0.1825881451368332, 0.1810537874698639, 0.9482308626174927, 0.9482308626174927, -1.716942310333252, 1.7154079675674438, 0.27158069610595703, -0.27311503887176514, 0.7671771049499512, -0.7671771049499512, 0.0, 0.0,]
---
[ -0.4603062570095062, 0.4603062570095062, -0.30687084794044495, 0.30687084794044495, 0.0, 0.0, 0.0, 0.0, -0.16877895593643188, 0.16724461317062378, 0.934421718120575, 0.934421718120575, -1.7031331062316895, 1.7015987634658813, 0.25009971857070923, -0.2516340911388397, 0.7671771049499512, -0.7671771049499512, 0.0, 0.0,]
---
[ -0.4603062570095062, 0.4603062570095062, -0.30687084794044495, 0.30687084794044495, 0.0, 0.0, 0.0, 0.0, -0.15343542397022247, 0.15343542397022247, 0.9206125140190125, 0.9206125140190125, -1.6877895593643188, 1.6877895593643188, 0.2301531285047531, -0.2301531285047531, 0.7671771049499512, -0.7671771049499512, 0.0, 0.0,]
---
[ -0.4603062570095062, 0.4603062570095062, -0.30687084794044495, 0.30687084794044495, 0.0, 0.0, 0.0, 0.0, -0.13962623476982117, 0.13809187710285187, 0.9052689671516418, 0.9052689671516418, -1.673980474472046, 1.6724460124969482, 0.2086721658706665, -0.2102065235376358, 0.7671771049499512, -0.7671771049499512, 0.0, 0.0,]
---
[ -0.4603062570095062, 0.4603062570095062, -0.30687084794044495, 0.30687084794044495, 0.0, 0.0, 0.0, 0.0, -0.12581704556941986, 0.12428268790245056, 0.8914597630500793, 0.8914597630500793, -1.6601712703704834, 1.6586369276046753, 0.1871912181377411, -0.1887255609035492, 0.7671771049499512, -0.7671771049499512, 0.0, 0.0,]
---
[ -0.4603062570095062, 0.4603062570095062, -0.30687084794044495, 0.30687084794044495, 0.0, 0.0, 0.0, 0.0, -0.11200785636901855, 0.11047349870204926, 0.8776506185531616, 0.8776506185531616, -1.646362066268921, 1.6448277235031128, 0.16724461317062378, -0.16877895593643188, 0.7671771049499512, -0.7671771049499512, 0.0, 0.0,]
---
[ -0.4603062570095062, 0.4603062570095062, -0.30687084794044495, 0.30687084794044495, 0.0, 0.0, 0.0, 0.0, -0.09819866716861725, 0.09666431695222855, 0.8638414144515991, 0.8638414144515991, -1.6325528621673584, 1.6310185194015503, 0.14576365053653717, -0.14729800820350647, 0.7671771049499512, -0.7671771049499512, 0.0, 0.0,]
---
[ -0.4603062570095062, 0.4603062570095062, -0.30687084794044495, 0.30687084794044495, 0.0, 0.0, 0.0, 0.0, -0.08438947796821594, 0.08285512775182724, 0.8500322103500366, 0.8500322103500366, -1.618743658065796, 1.6172093152999878, 0.12428268790245056, -0.12581704556941986, 0.7671771049499512, -0.7671771049499512, 0.0, 0.0,]
---
[ -0.4603062570095062, 0.4603062570095062, -0.30687084794044495, 0.30687084794044495, 0.0, 0.0, 0.0, 0.0, -0.07058029621839523, 0.06904593855142593, 0.8362230062484741, 0.8362230062484741, -1.6049344539642334, 1.6034001111984253, 0.10433608293533325, -0.10587044060230255, 0.7671771049499512, -0.7671771049499512, 0.0, 0.0,]
---
[ -0.4603062570095062, 0.4603062570095062, -0.30687084794044495, 0.30687084794044495, 0.0, 0.0, 0.0, 0.0, -0.05677110329270363, 0.05523674935102463, 0.8224138617515564, 0.8224138617515564, -1.591125249862671, 1.5895909070968628, 0.08285512775182724, -0.08438947796821594, 0.7671771049499512, -0.7671771049499512, 0.0, 0.0,]
---
[ -0.4603062570095062, 0.4603062570095062, -0.30687084794044495, 0.30687084794044495, 0.0, 0.0, 0.0, 0.0, -0.04296191781759262, 0.04142756387591362, 0.8086046576499939, 0.8086046576499939, -1.577316164970398, 1.5757817029953003, 0.06137416884303093, -0.06290852278470993, 0.7671771049499512, -0.7671771049499512, 0.0, 0.0,]
---
[ -0.4603062570095062, 0.4603062570095062, -0.30687084794044495, 0.30687084794044495, 0.0, 0.0, 0.0, 0.0, -0.029152730479836464, 0.027618374675512314, 0.7947954535484314, 0.7947954535484314, -1.5635069608688354, 1.5619726181030273, 0.04142756387591362, -0.04296191781759262, 0.7671771049499512, -0.7671771049499512, 0.0, 0.0,]
---
[ -0.4603062570095062, 0.4603062570095062, -0.30687084794044495, 0.30687084794044495, 0.0, 0.0, 0.0, 0.0, -0.015343542210757732, 0.013809187337756157, 0.7809863090515137, 0.7809863090515137, -1.549697756767273, 1.5481634140014648, 0.01994660496711731, -0.02148095890879631, 0.7671771049499512, -0.7671771049499512, 0.0, 0.0,]
---
[ -0.4603062570095062, 0.4603062570095062, -0.30687084794044495, 0.30687084794044495, 0.0, 0.0, 0.0, 0.0, 0.0, 0.0, 0.7671771049499512, 0.7671771049499512, -1.5343542098999023, 1.5343542098999023, 0.0, 0.0, 0.7671771049499512, -0.7671771049499512, 0.0, 0.0,]
---
[ -0.4603062570095062, 0.4603062570095062, -0.30687084794044495, 0.30687084794044495, 0.0, 0.0, 0.0, 0.0, 0.0, 0.0, 0.7518335580825806, 0.7518335580825806, -1.5144076347351074, 1.5128731727600098, 0.0, 0.0, 0.7595053315162659, -0.761039674282074, 0.0, 0.0,]
---
[ -0.4603062570095062, 0.4603062570095062, -0.30687084794044495, 0.30687084794044495, 0.0, 0.0, 0.0, 0.0, 0.0, 0.0, 0.7380243539810181, 0.7380243539810181, -1.4929265975952148, 1.4913922548294067, 0.0, 0.0, 0.7518335580825806, -0.7533679008483887, 0.0, 0.0,]
---
[ -0.4603062570095062, 0.4603062570095062, -0.30687084794044495, 0.30687084794044495, 0.0, 0.0, 0.0, 0.0, 0.0, 0.0, 0.7242151498794556, 0.7242151498794556, -1.47298002243042, 1.4714456796646118, 0.0, 0.0, 0.7456961274147034, -0.7472304701805115, 0.0, 0.0,]
---
[ -0.4603062570095062, 0.4603062570095062, -0.30687084794044495, 0.30687084794044495, 0.0, 0.0, 0.0, 0.0, 0.0, 0.0, 0.7104060053825378, 0.7104060053825378, -1.451499104499817, 1.4499647617340088, 0.0, 0.0, 0.7380243539810181, -0.7395586967468262, 0.0, 0.0,]
---
[ -0.4603062570095062, 0.4603062570095062, -0.30687084794044495, 0.30687084794044495, 0.0, 0.0, 0.0, 0.0, 0.0, 0.0, 0.6965968012809753, 0.6965968012809753, -1.4300180673599243, 1.4284837245941162, 0.0, 0.0, 0.7318869233131409, -0.7334213256835938, 0.0, 0.0,]
---
[ -0.4603062570095062, 0.4603062570095062, -0.30687084794044495, 0.30687084794044495, 0.0, 0.0, 0.0, 0.0, 0.0, 0.0, 0.6827875971794128, 0.6827875971794128, -1.4100714921951294, 1.4085371494293213, 0.0, 0.0, 0.7242151498794556, -0.7257495522499084, 0.0, 0.0,]
---
[ -0.4603062570095062, 0.4603062570095062, -0.30687084794044495, 0.30687084794044495, 0.0, 0.0, 0.0, 0.0, 0.0, 0.0, 0.6689784526824951, 0.6689784526824951, -1.3885905742645264, 1.3870562314987183, 0.0, 0.0, 0.7180777788162231, -0.7196121215820312, 0.0, 0.0,]
---
[ -0.4603062570095062, 0.4603062570095062, -0.30687084794044495, 0.30687084794044495, 0.0, 0.0, 0.0, 0.0, 0.0, 0.0, 0.6551692485809326, 0.6551692485809326, -1.3671095371246338, 1.3655751943588257, 0.0, 0.0, 0.7104060053825378, -0.711940348148346, 0.0, 0.0,]
---
[ -0.4603062570095062, 0.4603062570095062, -0.30687084794044495, 0.30687084794044495, 0.0, 0.0, 0.0, 0.0, 0.0, 0.0, 0.6413600444793701, 0.6413600444793701, -1.3471629619598389, 1.3456286191940308, 0.0, 0.0, 0.7042685747146606, -0.7058029174804688, 0.0, 0.0,]
---
[ -0.4603062570095062, 0.4603062570095062, -0.30687084794044495, 0.30687084794044495, 0.0, 0.0, 0.0, 0.0, 0.0, 0.0, 0.6275508403778076, 0.6275508403778076, -1.3256820440292358, 1.3241477012634277, 0.0, 0.0, 0.6965968012809753, -0.6981311440467834, 0.0, 0.0,]
---
[ -0.4603062570095062, 0.4603062570095062, -0.30687084794044495, 0.30687084794044495, 0.0, 0.0, 0.0, 0.0, 0.0, 0.0, 0.6137416958808899, 0.6137416958808899, -1.3042010068893433, 1.3042010068893433, 0.0, 0.0, 0.6904593706130981, -0.6904593706130981, 0.0, 0.0,]
---
[ -0.4603062570095062, 0.4603062570095062, -0.30687084794044495, 0.30687084794044495, 0.0, 0.0, 0.0, 0.0, 0.0, 0.0, 0.5983981490135193, 0.5983981490135193, -1.2842544317245483, 1.2827200889587402, 0.0, 0.0, 0.6827875971794128, -0.684321939945221, 0.0, 0.0,]
---
[ -0.4603062570095062, 0.4603062570095062, -0.30687084794044495, 0.30687084794044495, 0.0, 0.0, 0.0, 0.0, 0.0, 0.0, 0.5845889449119568, 0.5845889449119568, -1.2627735137939453, 1.2612391710281372, 0.0, 0.0, 0.6751158237457275, -0.6766502261161804, 0.0, 0.0,]
---
[ -0.4603062570095062, 0.4603062570095062, -0.30687084794044495, 0.30687084794044495, 0.0, 0.0, 0.0, 0.0, 0.0, 0.0, 0.5707797408103943, 0.5707797408103943, -1.2428269386291504, 1.2412925958633423, 0.0, 0.0, 0.6689784526824951, -0.6705127954483032, 0.0, 0.0,]
---
[ -0.4603062570095062, 0.4603062570095062, -0.30687084794044495, 0.30687084794044495, 0.0, 0.0, 0.0, 0.0, 0.0, 0.0, 0.5569705963134766, 0.5569705963134766, -1.2213459014892578, 1.2198115587234497, 0.0, 0.0, 0.6613066792488098, -0.6628410220146179, 0.0, 0.0,]
---
[ -0.4603062570095062, 0.4603062570095062, -0.30687084794044495, 0.30687084794044495, 0.0, 0.0, 0.0, 0.0, 0.0, 0.0, 0.5431613922119141, 0.5431613922119141, -1.1998649835586548, 1.1983306407928467, 0.0, 0.0, 0.6551692485809326, -0.6567035913467407, 0.0, 0.0,]
---
[ -0.4603062570095062, 0.4603062570095062, -0.30687084794044495, 0.30687084794044495, 0.0, 0.0, 0.0, 0.0, 0.0, 0.0, 0.5293521881103516, 0.5293521881103516, -1.1799184083938599, 1.1783840656280518, 0.0, 0.0, 0.6474974751472473, -0.6490318179130554, 0.0, 0.0,]
---
[ -0.4603062570095062, 0.4603062570095062, -0.30687084794044495, 0.30687084794044495, 0.0, 0.0, 0.0, 0.0, 0.0, 0.0, 0.5155429840087891, 0.5155429840087891, -1.1584373712539673, 1.1569030284881592, 0.0, 0.0, 0.6413600444793701, -0.6428943872451782, 0.0, 0.0,]
---
[ -0.4603062570095062, 0.4603062570095062, -0.30687084794044495, 0.30687084794044495, 0.0, 0.0, 0.0, 0.0, 0.0, 0.0, 0.5017338395118713, 0.5017338395118713, -1.1369564533233643, 1.1354221105575562, 0.0, 0.0, 0.6336882710456848, -0.6352226138114929, 0.0, 0.0,]
---
[ -0.4603062570095062, 0.4603062570095062, -0.30687084794044495, 0.30687084794044495, 0.0, 0.0, 0.0, 0.0, 0.0, 0.0, 0.48792463541030884, 0.48792463541030884, -1.1170098781585693, 1.1154755353927612, 0.0, 0.0, 0.6275508403778076, -0.6290852427482605, 0.0, 0.0,]
---
[ -0.4603062570095062, 0.4603062570095062, -0.30687084794044495, 0.30687084794044495, 0.0, 0.0, 0.0, 0.0, 0.0, 0.0, 0.47411543130874634, 0.47411543130874634, -1.0955288410186768, 1.0939944982528687, 0.0, 0.0, 0.6198790669441223, -0.6214134693145752, 0.0, 0.0,]
---
[ -0.4603062570095062, 0.4603062570095062, -0.30687084794044495, 0.30687084794044495, 0.0, 0.0, 0.0, 0.0, 0.0, 0.0, 0.4603062570095062, 0.4603062570095062, -1.0740479230880737, 1.0740479230880737, 0.0, 0.0, 0.6137416958808899, -0.6137416958808899, 0.0, 0.0,]
---
[ -0.4480314254760742, 0.4464970827102661, -0.29613035917282104, 0.29459601640701294, 0.07058029621839523, -0.07211464643478394, 0.0015343541745096445, -0.003068708349019289, -0.009206125512719154, 0.007671771105378866, 0.47411543130874634, 0.47564980387687683, -1.055635690689087, 1.055635690689087, 0.009206125512719154, -0.009206125512719154, 0.5937950611114502, -0.5968638062477112, 0.0, 0.0,]
---
[ -0.4357565939426422, 0.4342222213745117, -0.28385552763938904, 0.28232118487358093, 0.14269493520259857, -0.14422929286956787, 0.004603062756359577, -0.006137416698038578, -0.01841225102543831, 0.015343542210757732, 0.48945897817611694, 0.49099335074424744, -1.0372234582901, 1.0372234582901, 0.01841225102543831, -0.01841225102543831, 0.5753828287124634, -0.5784515142440796, 0.0, 0.0,]
---
[ -0.4234817624092102, 0.4219473898410797, -0.27158069610595703, 0.27004632353782654, 0.2132752388715744, -0.2148095816373825, 0.007671771105378866, -0.009206125512719154, -0.027618374675512314, 0.024549666792154312, 0.5048025250434875, 0.5063368678092957, -1.0188112258911133, 1.0188112258911133, 0.027618374675512314, -0.027618374675512314, 0.5569705963134766, -0.5600392818450928, 0.0, 0.0,]
---
[ -0.4112069308757782, 0.4096725583076477, -0.26084020733833313, 0.259305864572525, 0.28538987040519714, -0.28692424297332764, 0.010740479454398155, -0.012274833396077156, -0.03682450205087662, 0.032221436500549316, 0.51861172914505, 0.5216804146766663, -0.9988645911216736, 1.000398874282837, 0.03682450205087662, -0.03682450205087662, 0.538558304309845, -0.541627049446106, 0.0, 0.0,]
---
[ -0.3989320993423462, 0.3973977267742157, -0.24856537580490112, 0.24703101813793182, 0.355970174074173, -0.3575045168399811, 0.013809187337756157, -0.015343542210757732, -0.04603062570095062, 0.04142756387591362, 0.5339552760124207, 0.5370239615440369, -0.980452299118042, 0.9819867014884949, 0.04603062570095062, -0.04449627175927162, 0.5201460719108582, -0.5232147574424744, 0.0, 0.0,]
---
[ -0.3866572678089142, 0.3851228952407837, -0.23629054427146912, 0.23475618660449982, 0.4280848205089569, -0.429619163274765, 0.01687789522111416, -0.01841225102543831, -0.05370239540934563, 0.049099333584308624, 0.5492988228797913, 0.5523675084114075, -0.9620400667190552, 0.9651088118553162, 0.05523674935102463, -0.05370239540934563, 0.5001994371414185, -0.5048025250434875, 0.0, 0.0,]
---
[ -0.3743824362754822, 0.3728480637073517, -0.2255500704050064, 0.2224813550710678, 0.49866512417793274, -0.5001994371414185, 0.01994660496711731, -0.02148095890879631, -0.06290852278470993, 0.05677110329270363, 0.563107967376709, 0.5677110552787781, -0.9436278343200684, 0.9466965198516846, 0.06444287300109863, -0.06290852278470993, 0.48178720474243164, -0.48639029264450073, 0.0, 0.0,]
---
[ -0.3621075749397278, 0.3605732321739197, -0.2132752388715744, 0.2117408812046051, 0.5707797408103943, -0.5723140835762024, 0.02301531285047531, -0.02301531285047531, -0.07211464643478394, 0.06597723066806793, 0.5784515142440796, 0.5830546021461487, -0.9236811995506287, 0.9282842874526978, 0.07364900410175323, -0.07211464643478394, 0.4633749723434448, -0.46797803044319153, 0.0, 0.0,]
---
[ -0.3498327434062958, 0.34829840064048767, -0.2010003924369812, 0.1994660496711731, 0.6413600444793701, -0.6428943872451782, 0.026084020733833313, -0.026084020733833313, -0.08132077008485794, 0.07364900410175323, 0.5937950611114502, 0.5983981490135193, -0.9052689671516418, 0.9098720550537109, 0.08285512775182724, -0.07978641986846924, 0.4449627101421356, -0.4495657682418823, 0.0, 0.0,]
---
[ -0.33755791187286377, 0.33602356910705566, -0.1902599185705185, 0.1871912181377411, 0.713474690914154, -0.7150090336799622, 0.029152730479836464, -0.029152730479836464, -0.09052689373493195, 0.08285512775182724, 0.6076042652130127, 0.6137416958808899, -0.886856734752655, 0.8914597630500793, 0.09206125140190125, -0.08899254351854324, 0.4265504777431488, -0.4311535358428955, 0.0, 0.0,]
---
[ -0.32528308033943176, 0.32374873757362366, -0.1779850870370865, 0.1764507293701172, 0.7840549945831299, -0.785589337348938, 0.032221436500549316, -0.032221436500549316, -0.09819866716861725, 0.09052689373493195, 0.6229478120803833, 0.6290852427482605, -0.8669100999832153, 0.8745818734169006, 0.10280173271894455, -0.09819866716861725, 0.4081382155418396, -0.4127412736415863, 0.0, 0.0,]
---
[ -0.31300824880599976, 0.30993953347206116, -0.16571025550365448, 0.16417589783668518, 0.8561696410179138, -0.8577039837837219, 0.03529014810919762, -0.03529014810919762, -0.10740479081869125, 0.09819866716861725, 0.6382913589477539, 0.6444287896156311, -0.8484978675842285, 0.8561696410179138, 0.11200785636901855, -0.10740479081869125, 0.3881916105747223, -0.3943290412425995, 0.0, 0.0,]
---
[ -0.30073341727256775, 0.29766470193862915, -0.15496976673603058, 0.15190106630325317, 0.9267499446868896, -0.9298186302185059, 0.03835885599255562, -0.03835885599255562, -0.11661092191934586, 0.10740479081869125, 0.6521005034446716, 0.6597722768783569, -0.8300856351852417, 0.837757408618927, 0.12121398001909256, -0.11661092191934586, 0.3697793483734131, -0.3759167790412903, 0.0, 0.0,]
---
[ -0.28845858573913574, 0.28538987040519714, -0.14269493520259857, 0.13962623476982117, 0.9988645911216736, -1.000398874282837, 0.04142756387591362, -0.04142756387591362, -0.12581704556941986, 0.11507656425237656, 0.6674440503120422, 0.6751158237457275, -0.8116733431816101, 0.8193451166152954, 0.13042010366916656, -0.12428268790245056, 0.35136711597442627, -0.3575045168399811, 0.0, 0.0,]
---
[ -0.27618375420570374, 0.27311503887176514, -0.13042010366916656, 0.12888574600219727, 1.0694448947906494, -1.0725135803222656, 0.04449627175927162, -0.04296191781759262, -0.13502316176891327, 0.12428268790245056, 0.6827875971794128, 0.6904593706130981, -0.7917267680168152, 0.8009328842163086, 0.13962623476982117, -0.13348881900310516, 0.33295485377311707, -0.33909228444099426, 0.0, 0.0,]
---
[ -0.26390892267227173, 0.26084020733833313, -0.11967962980270386, 0.11661092191934586, 1.1415594816207886, -1.1430938243865967, 0.04756497964262962, -0.04603062570095062, -0.14422929286956787, 0.13195446133613586, 0.6965968012809753, 0.7058029174804688, -0.7733145356178284, 0.7825206518173218, 0.14883235096931458, -0.14269493520259857, 0.31454262137413025, -0.32068002223968506, 0.0, 0.0,]
---
[ -0.2516340911388397, 0.24856537580490112, -0.10740479081869125, 0.10433608293533325, 1.2121398448944092, -1.2152085304260254, 0.050633687525987625, -0.049099333584308624, -0.15190106630325317, 0.13962623476982117, 0.711940348148346, 0.7211464643478394, -0.7549022436141968, 0.7656427621841431, 0.15803848206996918, -0.15190106630325317, 0.29459601640701294, -0.30226778984069824, 0.0, 0.0,]
---
[ -0.23935925960540771, 0.23629054427146912, -0.09512995928525925, 0.09206125140190125, 1.2842544317245483, -1.2857887744903564, 0.05370239540934563, -0.052168041467666626, -0.16110719740390778, 0.14883235096931458, 0.7272838950157166, 0.73649001121521, -0.73649001121521, 0.7472304701805115, 0.16724461317062378, -0.15957283973693848, 0.27618375420570374, -0.28385552763938904, 0.0, 0.0,]
---
[ -0.22708441317081451, 0.2240157127380371, -0.08438947796821594, 0.08132077008485794, 1.354834794998169, -1.3579034805297852, 0.05677110329270363, -0.05523674935102463, -0.17031331360340118, 0.15650412440299988, 0.741093099117279, 0.7518335580825806, -0.716543436050415, 0.7288182377815247, 0.1764507293701172, -0.16877895593643188, 0.25777149200439453, -0.26544326543807983, 0.0, 0.0,]
---
[ -0.2148095816373825, 0.2117408812046051, -0.07211464643478394, 0.06904593855142593, 1.426949381828308, -1.4284837245941162, 0.05983981490135193, -0.05830546095967293, -0.1795194447040558, 0.16571025550365448, 0.7564365863800049, 0.7671771049499512, -0.6981311440467834, 0.7104060053825378, 0.1856568604707718, -0.1779850870370865, 0.23935925960540771, -0.24703101813793182, 0.0, 0.0,]
---
[ -0.2025347501039505, 0.1994660496711731, -0.05983981490135193, 0.05677110329270363, 1.4975297451019287, -1.500598430633545, 0.06290852278470993, -0.06137416884303093, -0.1887255609035492, 0.17338202893733978, 0.7717801332473755, 0.7825206518173218, -0.6797189116477966, 0.6919937133789062, 0.1948629766702652, -0.1871912181377411, 0.2209469974040985, -0.2286187708377838, 0.0, 0.0,]
---
[ -0.1887255609035492, 0.1871912181377411, -0.04756497964262962, 0.04603062570095062, 1.5696443319320679, -1.571178674697876, 0.06597723066806793, -0.06290852278470993, -0.1963973343372345, 0.1825881451368332, 0.7871236801147461, 0.7978641986846924, -0.6597722768783569, 0.6751158237457275, 0.2056034654378891, -0.1948629766702652, 0.2025347501039505, -0.2102065235376358, 0.0, 0.0,]
---
[ -0.1887255609035492, 0.1871912181377411, -0.04756497964262962, 0.04603062570095062, 1.5696443319320679, -1.571178674697876, 0.06597723066806793, -0.06290852278470993, -0.1963973343372345, 0.1825881451368332, 0.7871236801147461, 0.7978641986846924, -0.6597722768783569, 0.6751158237457275, 0.2056034654378891, -0.1948629766702652, 0.2025347501039505, -0.2102065235376358, 0.0, 0.0,]
---
[ -0.1887255609035492, 0.1871912181377411, -0.04756497964262962, 0.04603062570095062, 1.5696443319320679, -1.571178674697876, 0.06597723066806793, -0.06290852278470993, -0.1963973343372345, 0.1825881451368332, 0.7871236801147461, 0.7978641986846924, -0.6597722768783569, 0.6751158237457275, 0.2056034654378891, -0.1948629766702652, 0.2025347501039505, -0.2102065235376358, 0.0, 0.0,]
---
[ -0.1887255609035492, 0.1871912181377411, -0.04756497964262962, 0.04603062570095062, 1.5696443319320679, -1.571178674697876, 0.06597723066806793, -0.06290852278470993, -0.1963973343372345, 0.1825881451368332, 0.7871236801147461, 0.7978641986846924, -0.6597722768783569, 0.6751158237457275, 0.2056034654378891, -0.1948629766702652, 0.2025347501039505, -0.2102065235376358, 0.0, 0.0,]
---
[ -0.1887255609035492, 0.1871912181377411, -0.04756497964262962, 0.04603062570095062, 1.5696443319320679, -1.571178674697876, 0.06597723066806793, -0.06290852278470993, -0.1963973343372345, 0.1825881451368332, 0.7871236801147461, 0.7978641986846924, -0.6597722768783569, 0.6751158237457275, 0.2056034654378891, -0.1948629766702652, 0.2025347501039505, -0.2102065235376358, 0.0, 0.0,]
---
[ -0.1887255609035492, 0.1871912181377411, -0.04756497964262962, 0.04603062570095062, 1.5696443319320679, -1.571178674697876, 0.06597723066806793, -0.06290852278470993, -0.1963973343372345, 0.1825881451368332, 0.7871236801147461, 0.7978641986846924, -0.6597722768783569, 0.6751158237457275, 0.2056034654378891, -0.1948629766702652, 0.2025347501039505, -0.2102065235376358, 0.0, 0.0,]
---
[ -0.1887255609035492, 0.1871912181377411, -0.04756497964262962, 0.04603062570095062, 1.5696443319320679, -1.571178674697876, 0.06597723066806793, -0.06290852278470993, -0.1963973343372345, 0.1825881451368332, 0.7871236801147461, 0.7978641986846924, -0.6597722768783569, 0.6751158237457275, 0.2056034654378891, -0.1948629766702652, 0.2025347501039505, -0.2102065235376358, 0.0, 0.0,]
---
[ -0.1887255609035492, 0.1871912181377411, -0.04756497964262962, 0.04603062570095062, 1.5696443319320679, -1.571178674697876, 0.06597723066806793, -0.06290852278470993, -0.1963973343372345, 0.1825881451368332, 0.7871236801147461, 0.7978641986846924, -0.6597722768783569, 0.6751158237457275, 0.2056034654378891, -0.1948629766702652, 0.2025347501039505, -0.2102065235376358, 0.0, 0.0,]
---
[ -0.1887255609035492, 0.1871912181377411, -0.04756497964262962, 0.04603062570095062, 1.5696443319320679, -1.571178674697876, 0.06597723066806793, -0.06290852278470993, -0.1963973343372345, 0.1825881451368332, 0.7871236801147461, 0.7978641986846924, -0.6597722768783569, 0.6751158237457275, 0.2056034654378891, -0.1948629766702652, 0.2025347501039505, -0.2102065235376358, 0.0, 0.0,]
---
[ -0.1887255609035492, 0.1871912181377411, -0.04756497964262962, 0.04603062570095062, 1.5696443319320679, -1.571178674697876, 0.06597723066806793, -0.06290852278470993, -0.1963973343372345, 0.1825881451368332, 0.7871236801147461, 0.7978641986846924, -0.6597722768783569, 0.6751158237457275, 0.2056034654378891, -0.1948629766702652, 0.2025347501039505, -0.2102065235376358, 0.0, 0.0,]
---
[ -0.1887255609035492, 0.1871912181377411, -0.04756497964262962, 0.04603062570095062, 1.5696443319320679, -1.571178674697876, 0.06597723066806793, -0.06290852278470993, -0.1963973343372345, 0.1825881451368332, 0.7871236801147461, 0.7978641986846924, -0.6597722768783569, 0.6751158237457275, 0.2056034654378891, -0.1948629766702652, 0.2025347501039505, -0.2102065235376358, 0.0, 0.0,]
---
[ -0.1887255609035492, 0.1871912181377411, -0.04756497964262962, 0.04603062570095062, 1.5696443319320679, -1.571178674697876, 0.06597723066806793, -0.06290852278470993, -0.1963973343372345, 0.1825881451368332, 0.7871236801147461, 0.7978641986846924, -0.6597722768783569, 0.6751158237457275, 0.2056034654378891, -0.1948629766702652, 0.2025347501039505, -0.2102065235376358, 0.0, 0.0,]
---
[ -0.1887255609035492, 0.1871912181377411, -0.04756497964262962, 0.04603062570095062, 1.5696443319320679, -1.571178674697876, 0.06597723066806793, -0.06290852278470993, -0.1963973343372345, 0.1825881451368332, 0.7871236801147461, 0.7978641986846924, -0.6597722768783569, 0.6751158237457275, 0.2056034654378891, -0.1948629766702652, 0.2025347501039505, -0.2102065235376358, 0.0, 0.0,]
---
[ -0.1887255609035492, 0.1871912181377411, -0.04756497964262962, 0.04603062570095062, 1.5696443319320679, -1.571178674697876, 0.06597723066806793, -0.06290852278470993, -0.1963973343372345, 0.1825881451368332, 0.7871236801147461, 0.7978641986846924, -0.6597722768783569, 0.6751158237457275, 0.2056034654378891, -0.1948629766702652, 0.2025347501039505, -0.2102065235376358, 0.0, 0.0,]
---
[ -0.1887255609035492, 0.1871912181377411, -0.04756497964262962, 0.04603062570095062, 1.5696443319320679, -1.571178674697876, 0.06597723066806793, -0.06290852278470993, -0.1963973343372345, 0.1825881451368332, 0.7871236801147461, 0.7978641986846924, -0.6597722768783569, 0.6751158237457275, 0.2056034654378891, -0.1948629766702652, 0.2025347501039505, -0.2102065235376358, 0.0, 0.0,]
---
[ -0.1887255609035492, 0.1871912181377411, -0.04756497964262962, 0.04603062570095062, 1.5696443319320679, -1.571178674697876, 0.06597723066806793, -0.06290852278470993, -0.1963973343372345, 0.1825881451368332, 0.7871236801147461, 0.7978641986846924, -0.6597722768783569, 0.6751158237457275, 0.2056034654378891, -0.1948629766702652, 0.2025347501039505, -0.2102065235376358, 0.0, 0.0,]
---
[ -0.1887255609035492, 0.1871912181377411, -0.04756497964262962, 0.04603062570095062, 1.5696443319320679, -1.571178674697876, 0.06597723066806793, -0.06290852278470993, -0.1963973343372345, 0.1825881451368332, 0.7871236801147461, 0.7978641986846924, -0.6597722768783569, 0.6751158237457275, 0.2056034654378891, -0.1948629766702652, 0.2025347501039505, -0.2102065235376358, 0.0, 0.0,]
---
[ -0.1887255609035492, 0.1871912181377411, -0.04756497964262962, 0.04603062570095062, 1.5696443319320679, -1.571178674697876, 0.06597723066806793, -0.06290852278470993, -0.1963973343372345, 0.1825881451368332, 0.7871236801147461, 0.7978641986846924, -0.6597722768783569, 0.6751158237457275, 0.2056034654378891, -0.1948629766702652, 0.2025347501039505, -0.2102065235376358, 0.0, 0.0,]
---
[ -0.1887255609035492, 0.1871912181377411, -0.04756497964262962, 0.04603062570095062, 1.5696443319320679, -1.571178674697876, 0.06597723066806793, -0.06290852278470993, -0.1963973343372345, 0.1825881451368332, 0.7871236801147461, 0.7978641986846924, -0.6597722768783569, 0.6751158237457275, 0.2056034654378891, -0.1948629766702652, 0.2025347501039505, -0.2102065235376358, 0.0, 0.0,]
---
[ -0.1887255609035492, 0.1871912181377411, -0.04756497964262962, 0.04603062570095062, 1.5696443319320679, -1.571178674697876, 0.06597723066806793, -0.06290852278470993, -0.1963973343372345, 0.1825881451368332, 0.7871236801147461, 0.7978641986846924, -0.6597722768783569, 0.6751158237457275, 0.2056034654378891, -0.1948629766702652, 0.2025347501039505, -0.2102065235376358, 0.0, 0.0,]
---
[ -0.1887255609035492, 0.1871912181377411, -0.04756497964262962, 0.04603062570095062, 1.5696443319320679, -1.571178674697876, 0.06597723066806793, -0.06290852278470993, -0.1963973343372345, 0.1825881451368332, 0.7871236801147461, 0.7978641986846924, -0.6597722768783569, 0.6751158237457275, 0.2056034654378891, -0.1948629766702652, 0.2025347501039505, -0.2102065235376358, 0.0, 0.0,]
---
