[ -0.1887255609035492, 0.1871912181377411, -0.04756497964262962, 0.04603062570095062, 1.5696443319320679, -1.571178674697876, 0.06597723066806793, -0.06290852278470993, -0.1963973343372345, 0.1825881451368332, 0.7871236801147461, 0.7978641986846924, -0.6597722768783569, 0.6751158237457275, 0.2056034654378891, -0.1948629766702652, 0.2025347501039505, -0.2102065235376358, 0.0, 0.0,] 
---
[ -0.1887255609035492, 0.1871912181377411, -0.04756497964262962, 0.04603062570095062, 1.5696443319320679, -1.571178674697876, 0.06597723066806793, -0.06290852278470993, -0.1963973343372345, 0.1795194447040558, 0.7871236801147461, 0.7978641986846924, -0.6597722768783569, 0.6751158237457275, 0.2056034654378891, -0.1948629766702652, 0.2025347501039505, -0.2102065235376358, 0.0, 0.0,] 
---
[ -0.1887255609035492, 0.1871912181377411, -0.04756497964262962, 0.04603062570095062, 1.5696443319320679, -1.571178674697876, 0.06597723066806793, -0.06290852278470993, -0.1963973343372345, 0.1779850870370865, 0.7871236801147461, 0.7978641986846924, -0.6597722768783569, 0.6751158237457275, 0.2056034654378891, -0.1948629766702652, 0.2025347501039505, -0.2102065235376358, 0.0, 0.0,] 
---
[ -0.1887255609035492, 0.1871912181377411, -0.04756497964262962, 0.04603062570095062, 1.5696443319320679, -1.571178674697876, 0.06597723066806793, -0.06290852278470993, -0.1963973343372345, 0.1764507293701172, 0.7871236801147461, 0.7978641986846924, -0.6597722768783569, 0.6751158237457275, 0.2056034654378891, -0.1948629766702652, 0.2025347501039505, -0.2102065235376358, 0.0, 0.0,] 
---
[ -0.1887255609035492, 0.1871912181377411, -0.04756497964262962, 0.04603062570095062, 1.5696443319320679, -1.571178674697876, 0.06597723066806793, -0.06290852278470993, -0.1963973343372345, 0.1749163717031479, 0.7871236801147461, 0.7978641986846924, -0.6597722768783569, 0.6751158237457275, 0.2056034654378891, -0.1948629766702652, 0.2025347501039505, -0.2102065235376358, 0.0, 0.0,] 
---
[ -0.1887255609035492, 0.1871912181377411, -0.04756497964262962, 0.04603062570095062, 1.5696443319320679, -1.571178674697876, 0.06597723066806793, -0.06290852278470993, -0.1963973343372345, 0.17338202893733978, 0.7871236801147461, 0.7978641986846924, -0.6597722768783569, 0.6751158237457275, 0.2056034654378891, -0.1948629766702652, 0.2025347501039505, -0.2102065235376358, 0.0, 0.0,] 
---
[ -0.1887255609035492, 0.1871912181377411, -0.04756497964262962, 0.04603062570095062, 1.5696443319320679, -1.571178674697876, 0.06597723066806793, -0.06290852278470993, -0.1963973343372345, 0.17184767127037048, 0.7871236801147461, 0.7978641986846924, -0.6597722768783569, 0.6751158237457275, 0.2056034654378891, -0.1948629766702652, 0.2025347501039505, -0.2102065235376358, 0.0, 0.0,] 
---
[ -0.1887255609035492, 0.1871912181377411, -0.04756497964262962, 0.04603062570095062, 1.5696443319320679, -1.571178674697876, 0.06597723066806793, -0.06290852278470993, -0.1963973343372345, 0.17031331360340118, 0.7871236801147461, 0.7978641986846924, -0.6597722768783569, 0.6751158237457275, 0.2056034654378891, -0.1948629766702652, 0.2025347501039505, -0.2102065235376358, 0.0, 0.0,] 
---
[ -0.1887255609035492, 0.1871912181377411, -0.04756497964262962, 0.04603062570095062, 1.5696443319320679, -1.571178674697876, 0.06597723066806793, -0.06290852278470993, -0.1963973343372345, 0.16877895593643188, 0.7871236801147461, 0.7978641986846924, -0.6597722768783569, 0.6751158237457275, 0.2056034654378891, -0.1948629766702652, 0.2025347501039505, -0.2102065235376358, 0.0, 0.0,] 
---
[ -0.1887255609035492, 0.1871912181377411, -0.04756497964262962, 0.04603062570095062, 1.5696443319320679, -1.571178674697876, 0.06597723066806793, -0.06290852278470993, -0.1963973343372345, 0.16724461317062378, 0.7871236801147461, 0.7978641986846924, -0.6597722768783569, 0.6751158237457275, 0.2056034654378891, -0.1948629766702652, 0.2025347501039505, -0.2102065235376358, 0.0, 0.0,] 
---
[ -0.1887255609035492, 0.1871912181377411, -0.04756497964262962, 0.04603062570095062, 1.5696443319320679, -1.571178674697876, 0.06597723066806793, -0.06290852278470993, -0.1963973343372345, 0.16571025550365448, 0.7871236801147461, 0.7978641986846924, -0.6597722768783569, 0.6751158237457275, 0.2056034654378891, -0.1948629766702652, 0.2025347501039505, -0.2102065235376358, 0.0, 0.0,] 
---
[ -0.1887255609035492, 0.1871912181377411, -0.04756497964262962, 0.04603062570095062, 1.5696443319320679, -1.571178674697876, 0.06597723066806793, -0.06290852278470993, -0.1963973343372345, 0.16417589783668518, 0.7871236801147461, 0.7978641986846924, -0.6597722768783569, 0.6751158237457275, 0.2056034654378891, -0.1948629766702652, 0.2025347501039505, -0.2102065235376358, 0.0, 0.0,] 
---
[ -0.1887255609035492, 0.1871912181377411, -0.04756497964262962, 0.04603062570095062, 1.5696443319320679, -1.571178674697876, 0.06597723066806793, -0.06290852278470993, -0.1963973343372345, 0.16264154016971588, 0.7871236801147461, 0.7978641986846924, -0.6597722768783569, 0.6751158237457275, 0.2056034654378891, -0.1948629766702652, 0.2025347501039505, -0.2102065235376358, 0.0, 0.0,] 
---
[ -0.1887255609035492, 0.1871912181377411, -0.04756497964262962, 0.04603062570095062, 1.5696443319320679, -1.571178674697876, 0.06597723066806793, -0.06290852278470993, -0.1963973343372345, 0.16110719740390778, 0.7871236801147461, 0.7978641986846924, -0.6597722768783569, 0.6751158237457275, 0.2056034654378891, -0.1948629766702652, 0.2025347501039505, -0.2102065235376358, 0.0, 0.0,] 
---
[ -0.1887255609035492, 0.1871912181377411, -0.04756497964262962, 0.04603062570095062, 1.5696443319320679, -1.571178674697876, 0.06597723066806793, -0.06290852278470993, -0.1963973343372345, 0.15957283973693848, 0.7871236801147461, 0.7978641986846924, -0.6597722768783569, 0.6751158237457275, 0.2056034654378891, -0.1948629766702652, 0.2025347501039505, -0.2102065235376358, 0.0, 0.0,] 
---
[ -0.1887255609035492, 0.1871912181377411, -0.04756497964262962, 0.04603062570095062, 1.5696443319320679, -1.571178674697876, 0.06597723066806793, -0.06290852278470993, -0.1963973343372345, 0.15803848206996918, 0.7871236801147461, 0.7978641986846924, -0.6597722768783569, 0.6751158237457275, 0.2056034654378891, -0.1948629766702652, 0.2025347501039505, -0.2102065235376358, 0.0, 0.0,] 
---
[ -0.1887255609035492, 0.1871912181377411, -0.04756497964262962, 0.04603062570095062, 1.5696443319320679, -1.571178674697876, 0.06597723066806793, -0.06290852278470993, -0.1963973343372345, 0.15650412440299988, 0.7871236801147461, 0.7978641986846924, -0.6597722768783569, 0.6751158237457275, 0.2056034654378891, -0.1948629766702652, 0.2025347501039505, -0.2102065235376358, 0.0, 0.0,] 
---
[ -0.1887255609035492, 0.1871912181377411, -0.04756497964262962, 0.04603062570095062, 1.5696443319320679, -1.571178674697876, 0.06597723066806793, -0.06290852278470993, -0.1963973343372345, 0.15496976673603058, 0.7871236801147461, 0.7978641986846924, -0.6597722768783569, 0.6751158237457275, 0.2056034654378891, -0.1948629766702652, 0.2025347501039505, -0.2102065235376358, 0.0, 0.0,] 
---
[ -0.1887255609035492, 0.1871912181377411, -0.04756497964262962, 0.04603062570095062, 1.5696443319320679, -1.571178674697876, 0.06597723066806793, -0.06290852278470993, -0.1963973343372345, 0.15343542397022247, 0.7871236801147461, 0.7978641986846924, -0.6597722768783569, 0.6751158237457275, 0.2056034654378891, -0.1948629766702652, 0.2025347501039505, -0.2102065235376358, 0.0, 0.0,] 
---
[ -0.1887255609035492, 0.1871912181377411, -0.04756497964262962, 0.04603062570095062, 1.5696443319320679, -1.571178674697876, 0.06597723066806793, -0.06290852278470993, -0.1963973343372345, 0.15190106630325317, 0.7871236801147461, 0.7978641986846924, -0.6597722768783569, 0.6751158237457275, 0.2056034654378891, -0.1948629766702652, 0.2025347501039505, -0.2102065235376358, 0.0, 0.0,] 
---
[ -0.1887255609035492, 0.1871912181377411, -0.04756497964262962, 0.04603062570095062, 1.5696443319320679, -1.571178674697876, 0.06597723066806793, -0.06290852278470993, -0.1963973343372345, 0.15036670863628387, 0.7871236801147461, 0.7978641986846924, -0.6597722768783569, 0.6751158237457275, 0.2056034654378891, -0.1948629766702652, 0.2025347501039505, -0.2102065235376358, 0.0, 0.0,] 
---
[ -0.1887255609035492, 0.1871912181377411, -0.04756497964262962, 0.04603062570095062, 1.5696443319320679, -1.571178674697876, 0.06597723066806793, -0.06290852278470993, -0.1963973343372345, 0.14883235096931458, 0.7871236801147461, 0.7978641986846924, -0.6597722768783569, 0.6751158237457275, 0.2056034654378891, -0.1948629766702652, 0.2025347501039505, -0.2102065235376358, 0.0, 0.0,] 
---
[ -0.1887255609035492, 0.1871912181377411, -0.04756497964262962, 0.04603062570095062, 1.5696443319320679, -1.571178674697876, 0.06597723066806793, -0.06290852278470993, -0.1963973343372345, 0.14729800820350647, 0.7871236801147461, 0.7978641986846924, -0.6597722768783569, 0.6751158237457275, 0.2056034654378891, -0.1948629766702652, 0.2025347501039505, -0.2102065235376358, 0.0, 0.0,] 
---
[ -0.1887255609035492, 0.1871912181377411, -0.04756497964262962, 0.04603062570095062, 1.5696443319320679, -1.571178674697876, 0.06597723066806793, -0.06290852278470993, -0.1963973343372345, 0.13502316176891327, 0.7871236801147461, 0.7978641986846924, -0.6597722768783569, 0.6751158237457275, 0.2056034654378891, -0.1841225028038025, 0.2025347501039505, -0.2102065235376358, 0.0, 0.0,] 
---
[ -0.1887255609035492, 0.1871912181377411, -0.04756497964262962, 0.04603062570095062, 1.5696443319320679, -1.571178674697876, 0.06597723066806793, -0.06290852278470993, -0.1963973343372345, 0.12428268790245056, 0.7871236801147461, 0.7978641986846924, -0.6597722768783569, 0.6751158237457275, 0.2056034654378891, -0.17184767127037048, 0.2025347501039505, -0.2102065235376358, 0.0, 0.0,] 
---
[ -0.1887255609035492, 0.1871912181377411, -0.04756497964262962, 0.04603062570095062, 1.5696443319320679, -1.571178674697876, 0.06597723066806793, -0.06290852278470993, -0.1963973343372345, 0.11354220658540726, 0.7871236801147461, 0.7978641986846924, -0.6597722768783569, 0.6751158237457275, 0.2056034654378891, -0.15957283973693848, 0.2025347501039505, -0.2102065235376358, 0.0, 0.0,] 
---
[ -0.1887255609035492, 0.1871912181377411, -0.04756497964262962, 0.04603062570095062, 1.5696443319320679, -1.571178674697876, 0.06597723066806793, -0.06290852278470993, -0.1963973343372345, 0.10280173271894455, 0.7871236801147461, 0.7978641986846924, -0.6597722768783569, 0.6751158237457275, 0.2056034654378891, -0.14729800820350647, 0.2025347501039505, -0.2102065235376358, 0.0, 0.0,] 
---
[ -0.1887255609035492, 0.1871912181377411, -0.04756497964262962, 0.04603062570095062, 1.5696443319320679, -1.571178674697876, 0.06597723066806793, -0.06290852278470993, -0.1963973343372345, 0.09052689373493195, 0.7871236801147461, 0.7978641986846924, -0.6597722768783569, 0.6751158237457275, 0.2056034654378891, -0.13502316176891327, 0.2025347501039505, -0.2102065235376358, 0.0, 0.0,] 
---
[ -0.1887255609035492, 0.1871912181377411, -0.04756497964262962, 0.04603062570095062, 1.5696443319320679, -1.571178674697876, 0.06597723066806793, -0.06290852278470993, -0.1963973343372345, 0.07978641986846924, 0.7871236801147461, 0.7978641986846924, -0.6597722768783569, 0.6751158237457275, 0.2056034654378891, -0.12274833768606186, 0.2025347501039505, -0.2102065235376358, 0.0, 0.0,] 
---
[ -0.1887255609035492, 0.1871912181377411, -0.04756497964262962, 0.04603062570095062, 1.5696443319320679, -1.571178674697876, 0.06597723066806793, -0.06290852278470993, -0.1963973343372345, 0.06904593855142593, 0.7871236801147461, 0.7978641986846924, -0.6597722768783569, 0.6751158237457275, 0.2056034654378891, -0.11047349870204926, 0.2025347501039505, -0.2102065235376358, 0.0, 0.0,] 
---
[ -0.1887255609035492, 0.1871912181377411, -0.04756497964262962, 0.04603062570095062, 1.5696443319320679, -1.571178674697876, 0.06597723066806793, -0.06290852278470993, -0.1963973343372345, 0.05830546095967293, 0.7871236801147461, 0.7978641986846924, -0.6597722768783569, 0.6751158237457275, 0.2056034654378891, -0.09819866716861725, 0.2025347501039505, -0.2102065235376358, 0.0, 0.0,] 
---
[ -0.1887255609035492, 0.1871912181377411, -0.04756497964262962, 0.04603062570095062, 1.5696443319320679, -1.571178674697876, 0.06597723066806793, -0.06290852278470993, -0.1963973343372345, 0.04603062570095062, 0.7871236801147461, 0.7978641986846924, -0.6597722768783569, 0.6751158237457275, 0.2056034654378891, -0.08592383563518524, 0.2025347501039505, -0.2102065235376358, 0.0, 0.0,] 
---
[ -0.1887255609035492, 0.1871912181377411, -0.04756497964262962, 0.04603062570095062, 1.5696443319320679, -1.571178674697876, 0.06597723066806793, -0.06290852278470993, -0.1963973343372345, 0.03529014810919762, 0.7871236801147461, 0.7978641986846924, -0.6597722768783569, 0.6751158237457275, 0.2056034654378891, -0.07364900410175323, 0.2025347501039505, -0.2102065235376358, 0.0, 0.0,] 
---
[ -0.1887255609035492, 0.1871912181377411, -0.04756497964262962, 0.04603062570095062, 1.5696443319320679, -1.571178674697876, 0.06597723066806793, -0.06290852278470993, -0.1963973343372345, 0.024549666792154312, 0.7871236801147461, 0.7978641986846924, -0.6597722768783569, 0.6751158237457275, 0.2056034654378891, -0.06137416884303093, 0.2025347501039505, -0.2102065235376358, 0.0, 0.0,] 
---
[ -0.1887255609035492, 0.1871912181377411, -0.04756497964262962, 0.04603062570095062, 1.5696443319320679, -1.571178674697876, 0.06597723066806793, -0.06290852278470993, -0.1963973343372345, 0.013809187337756157, 0.7871236801147461, 0.7978641986846924, -0.6597722768783569, 0.6751158237457275, 0.2056034654378891, -0.050633687525987625, 0.2025347501039505, -0.2102065235376358, 0.0, 0.0,] 
---
[ -0.1887255609035492, 0.1871912181377411, -0.04756497964262962, 0.04603062570095062, 1.5696443319320679, -1.571178674697876, 0.06597723066806793, -0.06290852278470993, -0.1963973343372345, 0.003068708349019289, 0.7871236801147461, 0.7978641986846924, -0.6597722768783569, 0.6751158237457275, 0.2056034654378891, -0.03835885599255562, 0.2025347501039505, -0.2102065235376358, 0.0, 0.0,] 
---
[ -0.1887255609035492, 0.1871912181377411, -0.04756497964262962, 0.04603062570095062, 1.5696443319320679, -1.571178674697876, 0.06597723066806793, -0.06290852278470993, -0.1963973343372345, -0.009206125512719154, 0.7871236801147461, 0.7978641986846924, -0.6597722768783569, 0.6751158237457275, 0.2056034654378891, -0.026084020733833313, 0.2025347501039505, -0.2102065235376358, 0.0, 0.0,] 
---
[ -0.1887255609035492, 0.1871912181377411, -0.04756497964262962, 0.04603062570095062, 1.5696443319320679, -1.571178674697876, 0.06597723066806793, -0.06290852278470993, -0.1963973343372345, -0.01994660496711731, 0.7871236801147461, 0.7978641986846924, -0.6597722768783569, 0.6751158237457275, 0.2056034654378891, -0.013809187337756157, 0.2025347501039505, -0.2102065235376358, 0.0, 0.0,] 
---
[ -0.1887255609035492, 0.1871912181377411, -0.04756497964262962, 0.04603062570095062, 1.5696443319320679, -1.571178674697876, 0.06597723066806793, -0.06290852278470993, -0.1963973343372345, -0.030687084421515465, 0.7871236801147461, 0.7978641986846924, -0.6597722768783569, 0.6751158237457275, 0.2056034654378891, -0.0015343541745096445, 0.2025347501039505, -0.2102065235376358, 0.0, 0.0,] 
---
[ -0.1887255609035492, 0.1871912181377411, -0.04756497964262962, 0.04603062570095062, 1.5696443319320679, -1.571178674697876, 0.06597723066806793, -0.06290852278470993, -0.1963973343372345, -0.04142756387591362, 0.7871236801147461, 0.7978641986846924, -0.6597722768783569, 0.6751158237457275, 0.2056034654378891, 0.010740479454398155, 0.2025347501039505, -0.2102065235376358, 0.0, 0.0,] 
---
[ -0.1887255609035492, 0.1871912181377411, -0.04756497964262962, 0.04603062570095062, 1.5696443319320679, -1.571178674697876, 0.06597723066806793, -0.06290852278470993, -0.1963973343372345, -0.05370239540934563, 0.7871236801147461, 0.7978641986846924, -0.6597722768783569, 0.6751158237457275, 0.2056034654378891, 0.02301531285047531, 0.2025347501039505, -0.2102065235376358, 0.0, 0.0,] 
---
[ -0.1887255609035492, 0.1871912181377411, -0.04756497964262962, 0.04603062570095062, 1.5696443319320679, -1.571178674697876, 0.06597723066806793, -0.06290852278470993, -0.1963973343372345, -0.06444287300109863, 0.7871236801147461, 0.7978641986846924, -0.6597722768783569, 0.6751158237457275, 0.2056034654378891, 0.03529014810919762, 0.2025347501039505, -0.2102065235376358, 0.0, 0.0,] 
---
[ -0.1887255609035492, 0.1871912181377411, -0.04756497964262962, 0.04603062570095062, 1.5696443319320679, -1.571178674697876, 0.06597723066806793, -0.06290852278470993, -0.1963973343372345, -0.07518335431814194, 0.7871236801147461, 0.7978641986846924, -0.6597722768783569, 0.6751158237457275, 0.2056034654378891, 0.04756497964262962, 0.2025347501039505, -0.2102065235376358, 0.0, 0.0,] 
---
[ -0.1887255609035492, 0.1871912181377411, -0.04756497964262962, 0.04603062570095062, 1.5696443319320679, -1.571178674697876, 0.06597723066806793, -0.06290852278470993, -0.1963973343372345, -0.08592383563518524, 0.7871236801147461, 0.7978641986846924, -0.6597722768783569, 0.6751158237457275, 0.2056034654378891, 0.05983981490135193, 0.2025347501039505, -0.2102065235376358, 0.0, 0.0,] 
---
[ -0.1887255609035492, 0.1871912181377411, -0.04756497964262962, 0.04603062570095062, 1.5696443319320679, -1.571178674697876, 0.06597723066806793, -0.06290852278470993, -0.1963973343372345, -0.09666431695222855, 0.7871236801147461, 0.7978641986846924, -0.6597722768783569, 0.6751158237457275, 0.2056034654378891, 0.07211464643478394, 0.2025347501039505, -0.2102065235376358, 0.0, 0.0,] 
---
[ -0.1887255609035492, 0.1871912181377411, -0.04756497964262962, 0.04603062570095062, 1.5696443319320679, -1.571178674697876, 0.06597723066806793, -0.06290852278470993, -0.1963973343372345, -0.09666431695222855, 0.7871236801147461, 0.7978641986846924, -0.6705127954483032, 0.6751158237457275, 0.2056034654378891, 0.07058029621839523, 0.2025347501039505, -0.2102065235376358, 0.0, 0.0,] 
---
[ -0.1887255609035492, 0.1871912181377411, -0.04756497964262962, 0.04603062570095062, 1.5696443319320679, -1.571178674697876, 0.06597723066806793, -0.06290852278470993, -0.1963973343372345, -0.09512995928525925, 0.7871236801147461, 0.7978641986846924, -0.6812532544136047, 0.6751158237457275, 0.2056034654378891, 0.06904593855142593, 0.2025347501039505, -0.2102065235376358, 0.0, 0.0,] 
---
[ -0.1887255609035492, 0.1871912181377411, -0.04756497964262962, 0.04603062570095062, 1.5696443319320679, -1.571178674697876, 0.06597723066806793, -0.06290852278470993, -0.1963973343372345, -0.09512995928525925, 0.7871236801147461, 0.7978641986846924, -0.6919937133789062, 0.6751158237457275, 0.2056034654378891, 0.06751158088445663, 0.2025347501039505, -0.2102065235376358, 0.0, 0.0,] 
---
[ -0.1887255609035492, 0.1871912181377411, -0.04756497964262962, 0.04603062570095062, 1.5696443319320679, -1.571178674697876, 0.06597723066806793, -0.06290852278470993, -0.1963973343372345, -0.09359560906887054, 0.7871236801147461, 0.7978641986846924, -0.7027342319488525, 0.6751158237457275, 0.2056034654378891, 0.06751158088445663, 0.2025347501039505, -0.2102065235376358, 0.0, 0.0,] 
---
[ -0.1887255609035492, 0.1871912181377411, -0.04756497964262962, 0.04603062570095062, 1.5696443319320679, -1.571178674697876, 0.06597723066806793, -0.06290852278470993, -0.1963973343372345, -0.09206125140190125, 0.7871236801147461, 0.7978641986846924, -0.713474690914154, 0.6751158237457275, 0.2056034654378891, 0.06597723066806793, 0.2025347501039505, -0.2102065235376358, 0.0, 0.0,] 
---
[ -0.1887255609035492, 0.1871912181377411, -0.04756497964262962, 0.04603062570095062, 1.5696443319320679, -1.571178674697876, 0.06597723066806793, -0.06290852278470993, -0.1963973343372345, -0.09206125140190125, 0.7871236801147461, 0.7978641986846924, -0.7242151498794556, 0.6751158237457275, 0.2056034654378891, 0.06444287300109863, 0.2025347501039505, -0.2102065235376358, 0.0, 0.0,] 
---
[ -0.1887255609035492, 0.1871912181377411, -0.04756497964262962, 0.04603062570095062, 1.5696443319320679, -1.571178674697876, 0.06597723066806793, -0.06290852278470993, -0.1963973343372345, -0.09052689373493195, 0.7871236801147461, 0.7978641986846924, -0.7349556684494019, 0.6751158237457275, 0.2056034654378891, 0.06290852278470993, 0.2025347501039505, -0.2102065235376358, 0.0, 0.0,] 
---
[ -0.1887255609035492, 0.1871912181377411, -0.04756497964262962, 0.04603062570095062, 1.5696443319320679, -1.571178674697876, 0.06597723066806793, -0.06290852278470993, -0.1963973343372345, -0.08899254351854324, 0.7871236801147461, 0.7978641986846924, -0.7456961274147034, 0.6751158237457275, 0.2056034654378891, 0.06290852278470993, 0.2025347501039505, -0.2102065235376358, 0.0, 0.0,] 
---
[ -0.1887255609035492, 0.1871912181377411, -0.04756497964262962, 0.04603062570095062, 1.5696443319320679, -1.571178674697876, 0.06597723066806793, -0.06290852278470993, -0.1963973343372345, -0.08899254351854324, 0.7871236801147461, 0.7978641986846924, -0.7564365863800049, 0.6751158237457275, 0.2056034654378891, 0.06137416884303093, 0.2025347501039505, -0.2102065235376358, 0.0, 0.0,] 
---
[ -0.1887255609035492, 0.1871912181377411, -0.04756497964262962, 0.04603062570095062, 1.5696443319320679, -1.571178674697876, 0.06597723066806793, -0.06290852278470993, -0.1963973343372345, -0.08745818585157394, 0.7871236801147461, 0.7978641986846924, -0.7671771049499512, 0.6751158237457275, 0.2056034654378891, 0.05983981490135193, 0.2025347501039505, -0.2102065235376358, 0.0, 0.0,] 
---
[ -0.1887255609035492, 0.1871912181377411, -0.04756497964262962, 0.04603062570095062, 1.5696443319320679, -1.571178674697876, 0.06597723066806793, -0.06290852278470993, -0.1963973343372345, -0.08592383563518524, 0.7871236801147461, 0.7978641986846924, -0.7779175639152527, 0.6751158237457275, 0.2056034654378891, 0.05983981490135193, 0.2025347501039505, -0.2102065235376358, 0.0, 0.0,] 
---
[ -0.1887255609035492, 0.1871912181377411, -0.04756497964262962, 0.04603062570095062, 1.5696443319320679, -1.571178674697876, 0.06597723066806793, -0.06290852278470993, -0.1963973343372345, -0.08592383563518524, 0.7871236801147461, 0.7978641986846924, -0.788658082485199, 0.6751158237457275, 0.2056034654378891, 0.05830546095967293, 0.2025347501039505, -0.2102065235376358, 0.0, 0.0,] 
---
[ -0.1887255609035492, 0.1871912181377411, -0.04756497964262962, 0.04603062570095062, 1.5696443319320679, -1.571178674697876, 0.06597723066806793, -0.06290852278470993, -0.1963973343372345, -0.08438947796821594, 0.7871236801147461, 0.7978641986846924, -0.7993985414505005, 0.6751158237457275, 0.2056034654378891, 0.05677110329270363, 0.2025347501039505, -0.2102065235376358, 0.0, 0.0,] 
---
[ -0.1887255609035492, 0.1871912181377411, -0.04756497964262962, 0.04603062570095062, 1.5696443319320679, -1.571178674697876, 0.06597723066806793, -0.06290852278470993, -0.1963973343372345, -0.08438947796821594, 0.7871236801147461, 0.7978641986846924, -0.810139000415802, 0.6751158237457275, 0.2056034654378891, 0.05523674935102463, 0.2025347501039505, -0.2102065235376358, 0.0, 0.0,] 
---
[ -0.1887255609035492, 0.1871912181377411, -0.04756497964262962, 0.04603062570095062, 1.5696443319320679, -1.571178674697876, 0.06597723066806793, -0.06290852278470993, -0.1963973343372345, -0.08285512775182724, 0.7871236801147461, 0.7978641986846924, -0.8208795189857483, 0.6751158237457275, 0.2056034654378891, 0.05523674935102463, 0.2025347501039505, -0.2102065235376358, 0.0, 0.0,] 
---
[ -0.1887255609035492, 0.1871912181377411, -0.04756497964262962, 0.04603062570095062, 1.5696443319320679, -1.571178674697876, 0.06597723066806793, -0.06290852278470993, -0.1963973343372345, -0.08132077008485794, 0.7871236801147461, 0.7978641986846924, -0.8316199779510498, 0.6751158237457275, 0.2056034654378891, 0.05370239540934563, 0.2025347501039505, -0.2102065235376358, 0.0, 0.0,] 
---
[ -0.1887255609035492, 0.1871912181377411, -0.04756497964262962, 0.04603062570095062, 1.5696443319320679, -1.571178674697876, 0.06597723066806793, -0.06290852278470993, -0.1963973343372345, -0.08132077008485794, 0.7871236801147461, 0.7978641986846924, -0.8423604369163513, 0.6751158237457275, 0.2056034654378891, 0.052168041467666626, 0.2025347501039505, -0.2102065235376358, 0.0, 0.0,] 
---
[ -0.1887255609035492, 0.1871912181377411, -0.04756497964262962, 0.04603062570095062, 1.5696443319320679, -1.571178674697876, 0.06597723066806793, -0.06290852278470993, -0.1963973343372345, -0.07978641986846924, 0.7871236801147461, 0.7978641986846924, -0.8531009554862976, 0.6751158237457275, 0.2056034654378891, 0.050633687525987625, 0.2025347501039505, -0.2102065235376358, 0.0, 0.0,] 
---
[ -0.1887255609035492, 0.1871912181377411, -0.04756497964262962, 0.04603062570095062, 1.5696443319320679, -1.571178674697876, 0.06597723066806793, -0.06290852278470993, -0.1963973343372345, -0.07825206220149994, 0.7871236801147461, 0.7978641986846924, -0.8638414144515991, 0.6751158237457275, 0.2056034654378891, 0.050633687525987625, 0.2025347501039505, -0.2102065235376358, 0.0, 0.0,] 
---
[ -0.1887255609035492, 0.1871912181377411, -0.04756497964262962, 0.04603062570095062, 1.5696443319320679, -1.571178674697876, 0.06597723066806793, -0.06290852278470993, -0.1963973343372345, -0.07825206220149994, 0.7871236801147461, 0.7978641986846924, -0.8745818734169006, 0.6751158237457275, 0.2056034654378891, 0.049099333584308624, 0.2025347501039505, -0.2102065235376358, 0.0, 0.0,] 
---
[ -0.1887255609035492, 0.1871912181377411, -0.04756497964262962, 0.04603062570095062, 1.5696443319320679, -1.571178674697876, 0.06597723066806793, -0.06290852278470993, -0.1963973343372345, -0.07671771198511124, 0.7871236801147461, 0.7978641986846924, -0.8853223919868469, 0.6751158237457275, 0.2056034654378891, 0.04756497964262962, 0.2025347501039505, -0.2102065235376358, 0.0, 0.0,] 
---
[ -0.1887255609035492, 0.1871912181377411, -0.04756497964262962, 0.04603062570095062, 1.5696443319320679, -1.571178674697876, 0.06597723066806793, -0.06290852278470993, -0.1963973343372345, -0.07518335431814194, 0.7871236801147461, 0.7978641986846924, -0.8945285081863403, 0.6751158237457275, 0.2056034654378891, 0.04756497964262962, 0.2025347501039505, -0.2102065235376358, 0.0, 0.0,] 
---
[ -0.1887255609035492, 0.1871912181377411, -0.04756497964262962, 0.04603062570095062, 1.5696443319320679, -1.571178674697876, 0.06597723066806793, -0.06290852278470993, -0.1963973343372345, -0.07671771198511124, 0.7871236801147461, 0.7978641986846924, -0.8945285081863403, 0.6751158237457275, 0.2056034654378891, 0.05523674935102463, 0.2025347501039505, -0.2102065235376358, 0.0, 0.0,] 
---
[ -0.1887255609035492, 0.1871912181377411, -0.04756497964262962, 0.04603062570095062, 1.5696443319320679, -1.571178674697876, 0.06597723066806793, -0.06290852278470993, -0.1963973343372345, -0.07671771198511124, 0.7871236801147461, 0.7978641986846924, -0.8945285081863403, 0.6751158237457275, 0.2056034654378891, 0.06444287300109863, 0.2025347501039505, -0.2102065235376358, 0.0, 0.0,] 
---
[ -0.1887255609035492, 0.1871912181377411, -0.04756497964262962, 0.04603062570095062, 1.5696443319320679, -1.571178674697876, 0.06597723066806793, -0.06290852278470993, -0.1963973343372345, -0.07671771198511124, 0.7871236801147461, 0.7978641986846924, -0.8945285081863403, 0.6751158237457275, 0.2056034654378891, 0.07364900410175323, 0.2025347501039505, -0.2102065235376358, 0.0, 0.0,] 
---
[ -0.1887255609035492, 0.1871912181377411, -0.04756497964262962, 0.04603062570095062, 1.5696443319320679, -1.571178674697876, 0.06597723066806793, -0.06290852278470993, -0.1963973343372345, -0.07671771198511124, 0.7871236801147461, 0.7978641986846924, -0.8945285081863403, 0.6751158237457275, 0.2056034654378891, 0.08132077008485794, 0.2025347501039505, -0.2102065235376358, 0.0, 0.0,] 
---
[ -0.1887255609035492, 0.1871912181377411, -0.04756497964262962, 0.04603062570095062, 1.5696443319320679, -1.571178674697876, 0.06597723066806793, -0.06290852278470993, -0.1963973343372345, -0.07671771198511124, 0.7871236801147461, 0.7978641986846924, -0.8929941654205322, 0.6751158237457275, 0.2056034654378891, 0.09052689373493195, 0.2025347501039505, -0.2102065235376358, 0.0, 0.0,] 
---
[ -0.1887255609035492, 0.1871912181377411, -0.04756497964262962, 0.04603062570095062, 1.5696443319320679, -1.571178674697876, 0.06597723066806793, -0.06290852278470993, -0.1963973343372345, -0.07671771198511124, 0.7871236801147461, 0.7978641986846924, -0.8929941654205322, 0.6751158237457275, 0.2056034654378891, 0.09973302483558655, 0.2025347501039505, -0.2102065235376358, 0.0, 0.0,] 
---
[ -0.1887255609035492, 0.1871912181377411, -0.04756497964262962, 0.04603062570095062, 1.5696443319320679, -1.571178674697876, 0.06597723066806793, -0.06290852278470993, -0.1963973343372345, -0.07671771198511124, 0.7871236801147461, 0.7978641986846924, -0.8929941654205322, 0.6751158237457275, 0.2056034654378891, 0.10740479081869125, 0.2025347501039505, -0.2102065235376358, 0.0, 0.0,] 
---
[ -0.1887255609035492, 0.1871912181377411, -0.04756497964262962, 0.04603062570095062, 1.5696443319320679, -1.571178674697876, 0.06597723066806793, -0.06290852278470993, -0.1963973343372345, -0.07671771198511124, 0.7871236801147461, 0.7978641986846924, -0.8929941654205322, 0.6751158237457275, 0.2056034654378891, 0.11661092191934586, 0.2025347501039505, -0.2102065235376358, 0.0, 0.0,] 
---
[ -0.1887255609035492, 0.1871912181377411, -0.04756497964262962, 0.04603062570095062, 1.5696443319320679, -1.571178674697876, 0.06597723066806793, -0.06290852278470993, -0.1963973343372345, -0.07671771198511124, 0.7871236801147461, 0.7978641986846924, -0.8914597630500793, 0.6751158237457275, 0.2056034654378891, 0.12581704556941986, 0.2025347501039505, -0.2102065235376358, 0.0, 0.0,] 
---
[ -0.1887255609035492, 0.1871912181377411, -0.04756497964262962, 0.04603062570095062, 1.5696443319320679, -1.571178674697876, 0.06597723066806793, -0.06290852278470993, -0.1963973343372345, -0.07671771198511124, 0.7871236801147461, 0.7978641986846924, -0.8914597630500793, 0.6751158237457275, 0.2056034654378891, 0.13348881900310516, 0.2025347501039505, -0.2102065235376358, 0.0, 0.0,] 
---
[ -0.1887255609035492, 0.1871912181377411, -0.04756497964262962, 0.04603062570095062, 1.5696443319320679, -1.571178674697876, 0.06597723066806793, -0.06290852278470993, -0.1963973343372345, -0.07671771198511124, 0.7871236801147461, 0.7978641986846924, -0.8914597630500793, 0.6751158237457275, 0.2056034654378891, 0.14269493520259857, 0.2025347501039505, -0.2102065235376358, 0.0, 0.0,] 
---
[ -0.1887255609035492, 0.1871912181377411, -0.04756497964262962, 0.04603062570095062, 1.5696443319320679, -1.571178674697876, 0.06597723066806793, -0.06290852278470993, -0.1963973343372345, -0.07671771198511124, 0.7871236801147461, 0.7978641986846924, -0.8914597630500793, 0.6751158237457275, 0.2056034654378891, 0.15190106630325317, 0.2025347501039505, -0.2102065235376358, 0.0, 0.0,] 
---
[ -0.1887255609035492, 0.1871912181377411, -0.04756497964262962, 0.04603062570095062, 1.5696443319320679, -1.571178674697876, 0.06597723066806793, -0.06290852278470993, -0.1963973343372345, -0.07671771198511124, 0.7871236801147461, 0.7978641986846924, -0.8914597630500793, 0.6751158237457275, 0.2056034654378891, 0.15957283973693848, 0.2025347501039505, -0.2102065235376358, 0.0, 0.0,] 
---
[ -0.1887255609035492, 0.1871912181377411, -0.04756497964262962, 0.04603062570095062, 1.5696443319320679, -1.571178674697876, 0.06597723066806793, -0.06290852278470993, -0.1963973343372345, -0.07671771198511124, 0.7871236801147461, 0.7978641986846924, -0.8899254202842712, 0.6751158237457275, 0.2056034654378891, 0.16877895593643188, 0.2025347501039505, -0.2102065235376358, 0.0, 0.0,] 
---
[ -0.1887255609035492, 0.1871912181377411, -0.04756497964262962, 0.04603062570095062, 1.5696443319320679, -1.571178674697876, 0.06597723066806793, -0.06290852278470993, -0.1963973343372345, -0.07671771198511124, 0.7871236801147461, 0.7978641986846924, -0.8899254202842712, 0.6751158237457275, 0.2056034654378891, 0.1779850870370865, 0.2025347501039505, -0.2102065235376358, 0.0, 0.0,] 
---
[ -0.1887255609035492, 0.1871912181377411, -0.04756497964262962, 0.04603062570095062, 1.5696443319320679, -1.571178674697876, 0.06597723066806793, -0.06290852278470993, -0.1963973343372345, -0.07671771198511124, 0.7871236801147461, 0.7978641986846924, -0.8899254202842712, 0.6751158237457275, 0.2056034654378891, 0.1856568604707718, 0.2025347501039505, -0.2102065235376358, 0.0, 0.0,] 
---
[ -0.1887255609035492, 0.1871912181377411, -0.04756497964262962, 0.04603062570095062, 1.5696443319320679, -1.571178674697876, 0.06597723066806793, -0.06290852278470993, -0.1963973343372345, -0.07671771198511124, 0.7871236801147461, 0.7978641986846924, -0.8899254202842712, 0.6751158237457275, 0.2056034654378891, 0.1948629766702652, 0.2025347501039505, -0.2102065235376358, 0.0, 0.0,] 
---
[ -0.1887255609035492, 0.1871912181377411, -0.04756497964262962, 0.04603062570095062, 1.5696443319320679, -1.571178674697876, 0.06597723066806793, -0.06290852278470993, -0.1963973343372345, -0.07671771198511124, 0.7871236801147461, 0.7978641986846924, -0.8883910775184631, 0.6751158237457275, 0.2056034654378891, 0.2040691077709198, 0.2025347501039505, -0.2102065235376358, 0.0, 0.0,] 
---
[ -0.1887255609035492, 0.1871912181377411, -0.04756497964262962, 0.04603062570095062, 1.5696443319320679, -1.571178674697876, 0.06597723066806793, -0.06290852278470993, -0.1963973343372345, -0.07671771198511124, 0.7871236801147461, 0.7978641986846924, -0.8883910775184631, 0.6751158237457275, 0.2056034654378891, 0.2117408812046051, 0.2025347501039505, -0.2102065235376358, 0.0, 0.0,] 
---
[ -0.1887255609035492, 0.1871912181377411, -0.04756497964262962, 0.04603062570095062, 1.5696443319320679, -1.571178674697876, 0.06597723066806793, -0.06290852278470993, -0.1963973343372345, -0.07671771198511124, 0.7871236801147461, 0.7978641986846924, -0.8883910775184631, 0.6751158237457275, 0.2056034654378891, 0.2209469974040985, 0.2025347501039505, -0.2102065235376358, 0.0, 0.0,] 
---
[ -0.1887255609035492, 0.1871912181377411, -0.04756497964262962, 0.04603062570095062, 1.5696443319320679, -1.571178674697876, 0.06597723066806793, -0.06290852278470993, -0.1963973343372345, -0.07671771198511124, 0.7871236801147461, 0.7978641986846924, -0.8883910775184631, 0.6751158237457275, 0.2056034654378891, 0.2301531285047531, 0.2025347501039505, -0.2102065235376358, 0.0, 0.0,] 
---
[ -0.1887255609035492, 0.1871912181377411, -0.04756497964262962, 0.04603062570095062, 1.5696443319320679, -1.571178674697876, 0.06597723066806793, -0.06290852278470993, -0.1963973343372345, -0.07671771198511124, 0.7871236801147461, 0.7978641986846924, -0.886856734752655, 0.6751158237457275, 0.2056034654378891, 0.23935925960540771, 0.2025347501039505, -0.2102065235376358, 0.0, 0.0,] 
---
[ -0.1887255609035492, 0.1871912181377411, -0.04756497964262962, 0.04603062570095062, 1.5696443319320679, -1.571178674697876, 0.05370239540934563, -0.06290852278470993, -0.2025347501039505, -0.07671771198511124, 0.7717801332473755, 0.7978641986846924, -0.9022002816200256, 0.6751158237457275, 0.2025347501039505, 0.23782490193843842, 0.2163439393043518, -0.2102065235376358, 0.0, 0.0,] 
---
[ -0.1887255609035492, 0.1871912181377411, -0.04756497964262962, 0.04603062570095062, 1.5696443319320679, -1.571178674697876, 0.04142756387591362, -0.06290852278470993, -0.2071378231048584, -0.07671771198511124, 0.7579709887504578, 0.7978641986846924, -0.9175438284873962, 0.6751158237457275, 0.1994660496711731, 0.23782490193843842, 0.2316874861717224, -0.2102065235376358, 0.0, 0.0,] 
---
[ -0.1887255609035492, 0.1871912181377411, -0.04756497964262962, 0.04603062570095062, 1.5696443319320679, -1.571178674697876, 0.029152730479836464, -0.06290852278470993, -0.2117408812046051, -0.07671771198511124, 0.7441617846488953, 0.7978641986846924, -0.9328873753547668, 0.6751158237457275, 0.1963973343372345, 0.23629054427146912, 0.24703101813793182, -0.2102065235376358, 0.0, 0.0,] 
---
[ -0.1887255609035492, 0.1871912181377411, -0.04756497964262962, 0.04603062570095062, 1.5696443319320679, -1.571178674697876, 0.01687789522111416, -0.06290852278470993, -0.2163439393043518, -0.07671771198511124, 0.7303525805473328, 0.7978641986846924, -0.9482308626174927, 0.6751158237457275, 0.1933286339044571, 0.23629054427146912, 0.2623745799064636, -0.2102065235376358, 0.0, 0.0,] 
---
[ -0.1887255609035492, 0.1871912181377411, -0.04756497964262962, 0.04603062570095062, 1.5696443319320679, -1.571178674697876, 0.004603062756359577, -0.06290852278470993, -0.2209469974040985, -0.07671771198511124, 0.7150090336799622, 0.7978641986846924, -0.9635744094848633, 0.6751158237457275, 0.1902599185705185, 0.23475618660449982, 0.27771809697151184, -0.2102065235376358, 0.0, 0.0,] 
---
[ -0.1887255609035492, 0.1871912181377411, -0.04756497964262962, 0.04603062570095062, 1.5696443319320679, -1.571178674697876, -0.007671771105378866, -0.06290852278470993, -0.2255500704050064, -0.07671771198511124, 0.7011998891830444, 0.7978641986846924, -0.9789179563522339, 0.6751158237457275, 0.1871912181377411, 0.23475618660449982, 0.29306164383888245, -0.2102065235376358, 0.0, 0.0,] 
---
[ -0.1887255609035492, 0.1871912181377411, -0.04756497964262962, 0.04603062570095062, 1.5696443319320679, -1.571178674697876, -0.01994660496711731, -0.06290852278470993, -0.2301531285047531, -0.07671771198511124, 0.6873906850814819, 0.7978641986846924, -0.9942615032196045, 0.6751158237457275, 0.1841225028038025, 0.23475618660449982, 0.30840519070625305, -0.2102065235376358, 0.0, 0.0,] 
---
[ -0.1887255609035492, 0.1871912181377411, -0.04756497964262962, 0.04603062570095062, 1.5696443319320679, -1.571178674697876, -0.032221436500549316, -0.06290852278470993, -0.23475618660449982, -0.07671771198511124, 0.6735814809799194, 0.7978641986846924, -1.009605050086975, 0.6751158237457275, 0.1825881451368332, 0.2332218438386917, 0.32374873757362366, -0.2102065235376358, 0.0, 0.0,] 
---
[ -0.1887255609035492, 0.1871912181377411, -0.04756497964262962, 0.04603062570095062, 1.5696443319320679, -1.571178674697876, -0.04449627175927162, -0.06290852278470993, -0.23935925960540771, -0.07671771198511124, 0.6582379341125488, 0.7978641986846924, -1.0249485969543457, 0.6751158237457275, 0.1795194447040558, 0.2332218438386917, 0.33909228444099426, -0.2102065235376358, 0.0, 0.0,] 
---
[ -0.1887255609035492, 0.1871912181377411, -0.04756497964262962, 0.04603062570095062, 1.5696443319320679, -1.571178674697876, -0.05677110329270363, -0.06290852278470993, -0.24396231770515442, -0.07671771198511124, 0.6444287896156311, 0.7978641986846924, -1.0402921438217163, 0.6751158237457275, 0.1764507293701172, 0.2316874861717224, 0.35443583130836487, -0.2102065235376358, 0.0, 0.0,] 
---
[ -0.1887255609035492, 0.1871912181377411, -0.04756497964262962, 0.04603062570095062, 1.5696443319320679, -1.571178674697876, -0.06751158088445663, -0.06290852278470993, -0.24856537580490112, -0.07671771198511124, 0.6306195855140686, 0.7978641986846924, -1.055635690689087, 0.6751158237457275, 0.17338202893733978, 0.2316874861717224, 0.3697793483734131, -0.2102065235376358, 0.0, 0.0,] 
---
[ -0.1887255609035492, 0.1871912181377411, -0.04756497964262962, 0.04603062570095062, 1.5696443319320679, -1.571178674697876, -0.07978641986846924, -0.06290852278470993, -0.2531684339046478, -0.07671771198511124, 0.6168103814125061, 0.7978641986846924, -1.0709792375564575, 0.6751158237457275, 0.17031331360340118, 0.2316874861717224, 0.3835885524749756, -0.2102065235376358, 0.0, 0.0,] 
---
[ -0.1887255609035492, 0.1871912181377411, -0.04756497964262962, 0.04603062570095062, 1.5696443319320679, -1.571178674697876, -0.09206125140190125, -0.06290852278470993, -0.25777149200439453, -0.07671771198511124, 0.6030011773109436, 0.7978641986846924, -1.0863227844238281, 0.6751158237457275, 0.16724461317062378, 0.2301531285047531, 0.3989320993423462, -0.2102065235376358, 0.0, 0.0,] 
---
[ -0.1887255609035492, 0.1871912181377411, -0.04756497964262962, 0.04603062570095062, 1.5696443319320679, -1.571178674697876, -0.10433608293533325, -0.06290852278470993, -0.2623745799064636, -0.07671771198511124, 0.587657630443573, 0.7978641986846924, -1.1016663312911987, 0.6751158237457275, 0.16417589783668518, 0.2301531285047531, 0.4142756462097168, -0.2102065235376358, 0.0, 0.0,] 
---
[ -0.1887255609035492, 0.1871912181377411, -0.04756497964262962, 0.04603062570095062, 1.5696443319320679, -1.571178674697876, -0.11661092191934586, -0.06290852278470993, -0.2669776380062103, -0.07671771198511124, 0.5738484859466553, 0.7978641986846924, -1.1170098781585693, 0.6751158237457275, 0.16264154016971588, 0.2286187708377838, 0.429619163274765, -0.2102065235376358, 0.0, 0.0,] 
---
[ -0.1887255609035492, 0.1871912181377411, -0.04756497964262962, 0.04603062570095062, 1.5696443319320679, -1.571178674697876, -0.12888574600219727, -0.06290852278470993, -0.27158069610595703, -0.07671771198511124, 0.5600392818450928, 0.7978641986846924, -1.13235342502594, 0.6751158237457275, 0.15957283973693848, 0.2286187708377838, 0.4449627101421356, -0.2102065235376358, 0.0, 0.0,] 
---
[ -0.1887255609035492, 0.1871912181377411, -0.04756497964262962, 0.04603062570095062, 1.5696443319320679, -1.571178674697876, -0.14116059243679047, -0.06290852278470993, -0.27618375420570374, -0.07671771198511124, 0.5462300777435303, 0.7978641986846924, -1.1476969718933105, 0.6751158237457275, 0.15650412440299988, 0.2286187708377838, 0.4603062570095062, -0.2102065235376358, 0.0, 0.0,] 
---
[ -0.1887255609035492, 0.1871912181377411, -0.04756497964262962, 0.04603062570095062, 1.5696443319320679, -1.571178674697876, -0.15343542397022247, -0.06290852278470993, -0.28078681230545044, -0.07671771198511124, 0.5308865308761597, 0.7978641986846924, -1.1630405187606812, 0.6751158237457275, 0.15343542397022247, 0.22708441317081451, 0.47564980387687683, -0.2102065235376358, 0.0, 0.0,] 
---
[ -0.1887255609035492, 0.1871912181377411, -0.04756497964262962, 0.04603062570095062, 1.5696443319320679, -1.571178674697876, -0.16571025550365448, -0.06290852278470993, -0.28538987040519714, -0.07671771198511124, 0.5170773863792419, 0.7978641986846924, -1.1783840656280518, 0.6751158237457275, 0.15036670863628387, 0.22708441317081451, 0.49099335074424744, -0.2102065235376358, 0.0, 0.0,] 
---
[ -0.1887255609035492, 0.1871912181377411, -0.04756497964262962, 0.04603062570095062, 1.5696443319320679, -1.571178674697876, -0.1779850870370865, -0.06290852278470993, -0.28999292850494385, -0.07671771198511124, 0.5032681822776794, 0.7978641986846924, -1.1937276124954224, 0.6751158237457275, 0.14729800820350647, 0.2255500704050064, 0.5063368678092957, -0.2102065235376358, 0.0, 0.0,] 
---
[ -0.1887255609035492, 0.1871912181377411, -0.04756497964262962, 0.04603062570095062, 1.5696443319320679, -1.571178674697876, -0.1902599185705185, -0.06290852278470993, -0.29459601640701294, -0.07671771198511124, 0.48945897817611694, 0.7978641986846924, -1.209071159362793, 0.6751158237457275, 0.14422929286956787, 0.2255500704050064, 0.5216804146766663, -0.2102065235376358, 0.0, 0.0,] 
---
[ -0.1887255609035492, 0.1871912181377411, -0.04756497964262962, 0.04603062570095062, 1.5696443319320679, -1.571178674697876, -0.2010003924369812, -0.06290852278470993, -0.29919907450675964, -0.07671771198511124, 0.47564980387687683, 0.7978641986846924, -1.222880244255066, 0.6751158237457275, 0.14269493520259857, 0.2255500704050064, 0.5370239615440369, -0.2102065235376358, 0.0, 0.0,] 
---
[ -0.1887255609035492, 0.1871912181377411, -0.04756497964262962, 0.04603062570095062, 1.5696443319320679, -1.571178674697876, -0.2010003924369812, -0.06290852278470993, -0.29919907450675964, -0.07671771198511124, 0.5170773863792419, 0.7978641986846924, -1.1998649835586548, 0.6751158237457275, 0.14269493520259857, 0.2255500704050064, 0.5063368678092957, -0.2102065235376358, 0.0, 0.0,] 
---
[ -0.1887255609035492, 0.1871912181377411, -0.04756497964262962, 0.04603062570095062, 1.5696443319320679, -1.571178674697876, -0.1994660496711731, -0.06290852278470993, -0.29919907450675964, -0.07671771198511124, 0.5600392818450928, 0.7978641986846924, -1.1768497228622437, 0.6751158237457275, 0.14269493520259857, 0.2255500704050064, 0.47564980387687683, -0.2102065235376358, 0.0, 0.0,] 
---
[ -0.1887255609035492, 0.1871912181377411, -0.04756497964262962, 0.04603062570095062, 1.5696443319320679, -1.571178674697876, -0.1979316920042038, -0.06290852278470993, -0.29919907450675964, -0.07671771198511124, 0.6014668345451355, 0.7978641986846924, -1.1523000001907349, 0.6751158237457275, 0.14269493520259857, 0.2255500704050064, 0.4449627101421356, -0.2102065235376358, 0.0, 0.0,] 
---
[ -0.1887255609035492, 0.1871912181377411, -0.04756497964262962, 0.04603062570095062, 1.5696443319320679, -1.571178674697876, -0.1979316920042038, -0.06290852278470993, -0.29766470193862915, -0.07671771198511124, 0.6444287896156311, 0.7978641986846924, -1.1292847394943237, 0.6751158237457275, 0.14269493520259857, 0.2255500704050064, 0.4158099889755249, -0.2102065235376358, 0.0, 0.0,] 
---
[ -0.1887255609035492, 0.1871912181377411, -0.04756497964262962, 0.04603062570095062, 1.5696443319320679, -1.571178674697876, -0.1963973343372345, -0.06290852278470993, -0.29766470193862915, -0.07671771198511124, 0.6858563423156738, 0.7978641986846924, -1.106269359588623, 0.6751158237457275, 0.14269493520259857, 0.2255500704050064, 0.3851228952407837, -0.2102065235376358, 0.0, 0.0,] 
---
[ -0.1887255609035492, 0.1871912181377411, -0.04756497964262962, 0.04603062570095062, 1.5696443319320679, -1.571178674697876, -0.1948629766702652, -0.06290852278470993, -0.29766470193862915, -0.07671771198511124, 0.7288182377815247, 0.7978641986846924, -1.0817197561264038, 0.6751158237457275, 0.14269493520259857, 0.2255500704050064, 0.35443583130836487, -0.2102065235376358, 0.0, 0.0,] 
---
[ -0.1887255609035492, 0.1871912181377411, -0.04756497964262962, 0.04603062570095062, 1.5696443319320679, -1.571178674697876, -0.1948629766702652, -0.06290852278470993, -0.29766470193862915, -0.07671771198511124, 0.7717801332473755, 0.7978641986846924, -1.0587043762207031, 0.6751158237457275, 0.14269493520259857, 0.2255500704050064, 0.32374873757362366, -0.2102065235376358, 0.0, 0.0,] 
---
[ -0.1887255609035492, 0.1871912181377411, -0.04756497964262962, 0.04603062570095062, 1.5696443319320679, -1.571178674697876, -0.1933286339044571, -0.06290852278470993, -0.29613035917282104, -0.07671771198511124, 0.813207745552063, 0.7978641986846924, -1.035689115524292, 0.6751158237457275, 0.14422929286956787, 0.2255500704050064, 0.29459601640701294, -0.2102065235376358, 0.0, 0.0,] 
---
[ -0.1887255609035492, 0.1871912181377411, -0.04756497964262962, 0.04603062570095062, 1.5696443319320679, -1.571178674697876, -0.1917942762374878, -0.06290852278470993, -0.29613035917282104, -0.07671771198511124, 0.8561696410179138, 0.7978641986846924, -1.0111393928527832, 0.6751158237457275, 0.14422929286956787, 0.2255500704050064, 0.26390892267227173, -0.2102065235376358, 0.0, 0.0,] 
---
[ -0.1887255609035492, 0.1871912181377411, -0.04756497964262962, 0.04603062570095062, 1.5696443319320679, -1.571178674697876, -0.1917942762374878, -0.06290852278470993, -0.29613035917282104, -0.07671771198511124, 0.8975971937179565, 0.7978641986846924, -0.9881240725517273, 0.6751158237457275, 0.14422929286956787, 0.2255500704050064, 0.2332218438386917, -0.2102065235376358, 0.0, 0.0,] 
---
[ -0.1887255609035492, 0.1871912181377411, -0.04756497964262962, 0.04603062570095062, 1.5696443319320679, -1.571178674697876, -0.1902599185705185, -0.06290852278470993, -0.29459601640701294, -0.07671771198511124, 0.9405590891838074, 0.7978641986846924, -0.9635744094848633, 0.6751158237457275, 0.14422929286956787, 0.2255500704050064, 0.2040691077709198, -0.2102065235376358, 0.0, 0.0,] 
---
[ -0.1887255609035492, 0.1871912181377411, -0.04756497964262962, 0.04603062570095062, 1.5696443319320679, -1.571178674697876, -0.1887255609035492, -0.06290852278470993, -0.29459601640701294, -0.07671771198511124, 0.983521044254303, 0.7978641986846924, -0.9405590891838074, 0.6751158237457275, 0.14422929286956787, 0.2255500704050064, 0.17338202893733978, -0.2102065235376358, 0.0, 0.0,] 
---
[ -0.1887255609035492, 0.1871912181377411, -0.04756497964262962, 0.04603062570095062, 1.5696443319320679, -1.571178674697876, -0.1887255609035492, -0.06290852278470993, -0.29459601640701294, -0.07671771198511124, 1.0249485969543457, 0.7978641986846924, -0.9175438284873962, 0.6751158237457275, 0.14422929286956787, 0.2255500704050064, 0.14269493520259857, -0.2102065235376358, 0.0, 0.0,] 
---
[ -0.1887255609035492, 0.1871912181377411, -0.04756497964262962, 0.04603062570095062, 1.5696443319320679, -1.571178674697876, -0.1871912181377411, -0.06290852278470993, -0.29459601640701294, -0.07671771198511124, 1.0679105520248413, 0.7978641986846924, -0.8929941654205322, 0.6751158237457275, 0.14422929286956787, 0.2255500704050064, 0.11200785636901855, -0.2102065235376358, 0.0, 0.0,] 
---
[ -0.1887255609035492, 0.1871912181377411, -0.04756497964262962, 0.04603062570095062, 1.5696443319320679, -1.571178674697876, -0.1856568604707718, -0.06290852278470993, -0.29306164383888245, -0.07671771198511124, 1.1093380451202393, 0.7978641986846924, -0.8699788451194763, 0.6751158237457275, 0.14576365053653717, 0.2255500704050064, 0.08285512775182724, -0.2102065235376358, 0.0, 0.0,] 
---
[ -0.1887255609035492, 0.1871912181377411, -0.04756497964262962, 0.04603062570095062, 1.5696443319320679, -1.571178674697876, -0.1856568604707718, -0.06290852278470993, -0.29306164383888245, -0.07671771198511124, 1.1523000001907349, 0.7978641986846924, -0.8469635248184204, 0.6751158237457275, 0.14576365053653717, 0.2255500704050064, 0.052168041467666626, -0.2102065235376358, 0.0, 0.0,] 
---
[ -0.1887255609035492, 0.1871912181377411, -0.04756497964262962, 0.04603062570095062, 1.5696443319320679, -1.571178674697876, -0.1841225028038025, -0.06290852278470993, -0.29306164383888245, -0.07671771198511124, 1.1952619552612305, 0.7978641986846924, -0.8224138617515564, 0.6751158237457275, 0.14576365053653717, 0.2255500704050064, 0.02148095890879631, -0.2102065235376358, 0.0, 0.0,] 
---
[ -0.1887255609035492, 0.1871912181377411, -0.04756497964262962, 0.04603062570095062, 1.5696443319320679, -1.571178674697876, -0.1825881451368332, -0.06290852278470993, -0.29306164383888245, -0.07671771198511124, 1.2366894483566284, 0.7978641986846924, -0.7993985414505005, 0.6751158237457275, 0.14576365053653717, 0.2255500704050064, -0.009206125512719154, -0.2102065235376358, 0.0, 0.0,] 
---
[ -0.1887255609035492, 0.1871912181377411, -0.04756497964262962, 0.04603062570095062, 1.5696443319320679, -1.571178674697876, -0.1825881451368332, -0.06290852278470993, -0.29152730107307434, -0.07671771198511124, 1.279651403427124, 0.7978641986846924, -0.7763832211494446, 0.6751158237457275, 0.14576365053653717, 0.2255500704050064, -0.03835885599255562, -0.2102065235376358, 0.0, 0.0,] 
---
[ -0.1887255609035492, 0.1871912181377411, -0.04756497964262962, 0.04603062570095062, 1.5696443319320679, -1.571178674697876, -0.1810537874698639, -0.06290852278470993, -0.29152730107307434, -0.07671771198511124, 1.3210790157318115, 0.7978641986846924, -0.7518335580825806, 0.6751158237457275, 0.14576365053653717, 0.2255500704050064, -0.06904593855142593, -0.2102065235376358, 0.0, 0.0,] 
---
[ -0.1887255609035492, 0.1871912181377411, -0.04756497964262962, 0.04603062570095062, 1.5696443319320679, -1.571178674697876, -0.1795194447040558, -0.06290852278470993, -0.29152730107307434, -0.07671771198511124, 1.3640408515930176, 0.7978641986846924, -0.7288182377815247, 0.6751158237457275, 0.14576365053653717, 0.2255500704050064, -0.09973302483558655, -0.2102065235376358, 0.0, 0.0,] 
---
[ -0.1887255609035492, 0.1871912181377411, -0.04756497964262962, 0.04603062570095062, 1.5696443319320679, -1.571178674697876, -0.1779850870370865, -0.06290852278470993, -0.28999292850494385, -0.07671771198511124, 1.4070028066635132, 0.7978641986846924, -0.7042685747146606, 0.6751158237457275, 0.14729800820350647, 0.2255500704050064, -0.12888574600219727, -0.2102065235376358, 0.0, 0.0,] 
---
